# t  c_eW1e-3  c_eW1  c_eW1e15   (∫∫|∂x∂y ξ−∂y∂x ξ|)
0.0  0.8268197934495158  0.9301240143183505  1.5530368332496158e-12
0.032520325203252036  0.6307756247393207  0.7888670075813534  1.5978962808948713e-12
0.06504065040650407  0.5218443616083802  0.6816452934701633  1.5490420361349844e-12
0.0975609756097561  0.45297467480945447  0.5964267865255349  1.58256354798169e-12
0.13008130081300814  0.38472016428063094  0.5270748062361746  1.5670858978956287e-12
0.1626016260162602  0.3242662927384752  0.47130231170975173  1.6024267416453464e-12
0.1951219512195122  0.27932159430268133  0.42583008669950095  1.5946640709307847e-12
0.22764227642276424  0.2379680963726747  0.38896675485160936  1.60286280775912e-12
0.2601626016260163  0.20068149008111372  0.3573111340860326  1.5680720610866672e-12
0.29268292682926833  0.16733338209977527  0.33054246261269926  1.5629060545752083e-12
0.3252032520325204  0.1423310775564344  0.307842531541241  1.5579785725416961e-12
0.3577235772357724  0.11869460539310774  0.2880253273675907  1.5468824138276105e-12
0.3902439024390244  0.10221875245778649  0.27044524985707713  1.568687020558901e-12
0.42276422764227645  0.08922521725550564  0.2547993809430663  1.5465562858141269e-12
0.4552845528455285  0.07718571224203155  0.24066355625416538  1.579526440198542e-12
0.48780487804878053  0.06513681358587484  0.2278749841365153  1.5865338556797504e-12
0.5203252032520326  0.05553953609865271  0.2163384455850836  1.5607159661867875e-12
0.5528455284552846  0.047815047233595816  0.20582401085039928  1.587683977344323e-12
0.5853658536585367  0.04350700825407109  0.19617769588762396  1.5767743014039048e-12
0.6178861788617886  0.04078933706888489  0.18722142078939058  1.6059029106507694e-12
0.6504065040650407  0.03850722714440092  0.17890834263910127  1.5804024755539103e-12
0.6829268292682927  0.036517137273561394  0.17117483185704632  1.5538317160723736e-12
0.7154471544715448  0.03473190178614031  0.16397850371424616  1.577816002851229e-12
0.7479674796747968  0.03310921125223947  0.15727189978872913  1.5556462368282453e-12
0.7804878048780488  0.031614507163372836  0.15096854427376694  1.5634368799588572e-12
0.8130081300813009  0.030235670351330502  0.14503015308047923  1.573694299872308e-12
0.8455284552845529  0.028952972264466817  0.1394301989438867  1.6099448163497954e-12
0.878048780487805  0.027753682777942414  0.13414591391502412  1.5540711079120584e-12
0.910569105691057  0.026626468807257716  0.1291426598927738  1.5500465494477922e-12
0.9430894308943091  0.02556344822975491  0.12438819406960741  1.5837348793512618e-12
0.9756097560975611  0.02455936846506154  0.11986707667749771  1.561809709338391e-12
1.0081300813008132  0.023609398551402726  0.11555801447103517  1.587013506720858e-12
1.0406504065040652  0.022709602379821444  0.11144146932629943  1.5618322607435786e-12
1.0731707317073171  0.021856030356938033  0.10750538572514062  1.5509937084656755e-12
1.1056910569105691  0.021045820991647726  0.10373596698583007  1.534510365996944e-12
1.1382113821138213  0.020274382664826403  0.10012699445106857  1.5491011251533848e-12
1.1707317073170733  0.019539044557513915  0.09666573083312234  1.5333602443323713e-12
1.2032520325203253  0.018837523722152097  0.09334801488572174  1.5259286889612866e-12
1.2357723577235773  0.018167374359340512  0.0901664842481328  1.5356500793206607e-12
1.2682926829268295  0.01752669686411988  0.08711479313231754  1.5189759172695716e-12
1.3008130081300815  0.01691391496134052  0.08418552846016313  1.5292402760769264e-12
1.3333333333333335  0.016327495835631214  0.08137047584098477  1.522011683352531e-12
1.3658536585365855  0.01576545669073074  0.07866131243835567  1.5078268494894687e-12
1.3983739837398375  0.01522613361774373  0.07605566268644375  1.5387396218313754e-12
1.4308943089430897  0.014708661946997237  0.07354651753321845  1.5387083968088078e-12
1.4634146341463417  0.014211904049343005  0.07112925736619748  1.5158378025015296e-12
1.4959349593495936  0.013734959530038034  0.06880039584419503  1.5201121611463364e-12
1.5284552845528456  0.013276513983853112  0.06655638962727967  1.513567049471476e-12
1.5609756097560976  0.012835517459914068  0.06439212364808188  1.5096882077791918e-12
1.5934959349593498  0.012411379494318114  0.062303954622119906  1.5082986942749343e-12
1.6260162601626018  0.012003406840595508  0.060288098670656765  1.508178998355092e-12
1.6585365853658538  0.011610626624747697  0.05834326528654345  1.51386715663282e-12
1.6910569105691058  0.01123232885872912  0.05646575872457855  1.5075909270967358e-12
1.723577235772358  0.010867740110794643  0.0546523761111357  1.5102849526549278e-12
1.75609756097561  0.010516393792653764  0.05290043138960651  1.5018836868607721e-12
1.788617886178862  0.0101776958441392  0.051208381152250425  1.481021902338675e-12
1.821138211382114  0.009850938542819192  0.04957367409448439  1.4882279436578827e-12
1.853658536585366  0.009535623794551737  0.04799427717172066  1.4812300691557923e-12
1.8861788617886182  0.009231254111880367  0.04646890349969178  1.4984714857835257e-12
1.9186991869918701  0.008937391747035756  0.04499441676644714  1.4827080535573245e-12
1.9512195121951221  0.00865352022969839  0.04356888715216259  1.471817459575142e-12
1.9837398373983741  0.008379255400053073  0.042190467248056716  1.4835285777614615e-12
2.0162601626016263  0.008114270659083067  0.04085769535326444  1.4882487603395944e-12
2.048780487804878  0.007858191212061104  0.03956896932759844  1.4891508165471024e-12
2.0813008130081303  0.007610649998865621  0.038322557052672276  1.4808414910971734e-12
2.1138211382113825  0.007371302340779843  0.03711756116990739  1.4715433732659378e-12
2.1463414634146343  0.007139911847208177  0.035952230185448145  1.4514934393305978e-12
2.1788617886178865  0.0069161620972259565  0.03482509718876817  1.4700116124366502e-12
2.2113821138211383  0.006699739784738909  0.03373498138183576  1.4888316274275226e-12
2.2439024390243905  0.006490401592550125  0.0326802895975377  1.4457393615607828e-12
2.2764227642276427  0.006287899164622459  0.031660101480923464  1.4517137492120469e-12
2.3089430894308944  0.006091975115855779  0.030673087325554932  1.4601757303278617e-12
2.3414634146341466  0.005902441203184672  0.029717948536493958  1.4713126550436328e-12
2.3739837398373984  0.005719026786137501  0.028793705348335516  1.4660807290400868e-12
2.4065040650406506  0.005541533494569964  0.02789957127792681  1.4706621337401415e-12
2.439024390243903  0.0053697406206895636  0.02703411865750597  1.4530668335233088e-12
2.4715447154471546  0.0052034835892474565  0.02619631379876345  1.4509782264582327e-12
2.504065040650407  0.0050425770736233205  0.025385423554126214  1.4646305002141702e-12
2.536585365853659  0.004886832971424851  0.02460062814603592  1.4595477604295581e-12
2.569105691056911  0.004736067305224172  0.02384096763984221  1.4614125881662332e-12
2.601626016260163  0.004590114480314933  0.023105669801499983  1.4609216614225318e-12
2.6341463414634148  0.0044487928273601336  0.022393831777639907  1.4195224856683453e-12
2.666666666666667  0.0043119391197251455  0.021704789012468115  1.4655065355695385e-12
2.699186991869919  0.0041794105429947565  0.021037563176652577  1.4397285447165231e-12
2.731707317073171  0.004051057184994676  0.020391523092338514  1.4533582670672729e-12
2.764227642276423  0.003926747062995041  0.019765905317372618  1.4411180582207805e-12
2.796747967479675  0.0038063400118081257  0.01916005522345255  1.4539359299847732e-12
2.829268292682927  0.003689711862323612  0.018573294646839936  1.4420166449813365e-12
2.8617886178861793  0.003576739082111669  0.01800501122334418  1.4562934191886256e-12
2.894308943089431  0.003467306964338439  0.017454637603712443  1.4409654025548946e-12
2.9268292682926833  0.00336130399179352  0.016921603061311907  1.450888020837482e-12
2.959349593495935  0.0032586136854409788  0.016405346058481582  1.4636208911511517e-12
2.9918699186991873  0.0031591225927977504  0.01590531594044717  1.4524804969884286e-12
3.0243902439024395  0.0030627323200953533  0.01542100025643953  1.4350031579679623e-12
3.0569105691056913  0.0029693381613410536  0.014951841801272769  1.4181832791448912e-12
3.0894308943089435  0.0028788572230881125  0.014497340398761162  1.4369911510714317e-12
3.1219512195121952  0.0027911962903402043  0.01405701272131562  1.4600560344080193e-12
3.1544715447154474  0.002706253424404094  0.013630397645381757  1.4527927472141045e-12
3.1869918699186996  0.002623942966521492  0.013217092466355912  1.440788460760345e-12
3.2195121951219514  0.0025441818529897495  0.012816684234368297  1.4218400762322503e-12
3.2520325203252036  0.0024668911581150615  0.01242872354100477  1.4305726742103175e-12
3.284552845528456  0.0023919877485778715  0.012052776793103287  1.4247318602667036e-12
3.3170731707317076  0.0023194000280598714  0.011688505890465047  1.43457294654592e-12
3.34959349593496  0.0022490587688170135  0.011335535919798582  1.4334922138203865e-12
3.3821138211382116  0.0021808854940017983  0.010993529911953164  1.4154823146927953e-12
3.414634146341464  0.0021148161672807277  0.010662147930667783  1.4393729264039479e-12
3.447154471544716  0.0020507840010287708  0.010341029355531604  1.4278248722243703e-12
3.4796747967479678  0.0019887217867105202  0.010029870053573121  1.4178345997262198e-12
3.51219512195122  0.0019285696702240462  0.009728398126186956  1.4365522660320096e-12
3.5447154471544717  0.001870268932222337  0.00943624210229661  1.4291276495548288e-12
3.577235772357724  0.0018137581188752867  0.009153058553083501  1.4171632617410168e-12
3.609756097560976  0.001758978629916405  0.008878598790716343  1.4249088020612533e-12
3.642276422764228  0.0017058802243458942  0.008612564385530305  1.4174581647319329e-12
3.67479674796748  0.0016544134842699579  0.00835472135529697  1.4332701692154615e-12
3.707317073170732  0.0016045259607397524  0.008104800741203465  1.4236129636246986e-12
3.739837398373984  0.0015561670004360182  0.007862545201057  1.4309768647802201e-12
3.7723577235772363  0.001509285163715214  0.007627724602566544  1.4127917585815553e-12
3.804878048780488  0.001463835798061577  0.0074001315349811695  1.4175587786935395e-12
3.8373983739837403  0.0014197782147608237  0.007179488126687733  1.4313723817327428e-12
3.8699186991869925  0.0013770661942033996  0.006965588079658811  1.3966206663384995e-12
3.9024390243902443  0.0013356588791837518  0.0067582326531972475  1.4153157812391015e-12
3.9349593495934965  0.0012955161070364232  0.006557199427705817  1.4071833975837222e-12
3.9674796747967482  0.0012566013267134076  0.006362303812016438  1.4343005949601917e-12
4.0  0.0012188730002136005  0.006173361381175352  1.4070376808117402e-12
