# x  t=0.0  t=46.875  t=93.75  t=156.25  t=315.625   (Julia conformal-BDNK engine vs C reference rows [1, 16, 31, 51, 102])
-200.0  0.10000000000000002  0.10000000000000002  0.10000000000000002  0.10000000005894345  0.12636975609172596
-196.875  0.10000000000000002  0.10000000000000002  0.10000000000000002  0.10000000005894345  0.12636975609172596
-193.75  0.10000000000000002  0.10000000000000002  0.10000000000000002  0.10000000005894345  0.12636975609172596
-190.625  0.10000000000000002  0.10000000000000002  0.10000000000000002  0.10000000005894345  0.12636975609172596
-187.5  0.10000000000000002  0.10000000000000002  0.10000000000000006  0.10000000008875547  0.12103774578189748
-184.375  0.10000000000000002  0.10000000000000002  0.10000000000000016  0.09999999969782244  0.11857452525205425
-181.25  0.10000000000000002  0.10000000000000002  0.09999999999999976  0.09999999912938706  0.11583279387018865
-178.125  0.10000000000000002  0.10000000000000002  0.09999999999999812  0.10000000056626915  0.11340791222149092
-175.0  0.10000000000000002  0.10000000000000002  0.09999999999999967  0.10000000564321358  0.11099330894463426
-171.875  0.10000000000000002  0.10000000000000002  0.10000000000001219  0.10000000431723038  0.10867438098143097
-168.75  0.10000000000000002  0.10000000000000002  0.10000000000001415  0.09999997436110866  0.10642889964222536
-165.625  0.10000000000000002  0.10000000000000002  0.09999999999993439  0.09999994236670237  0.10440034163993914
-162.5  0.10000000000000002  0.10000000000000002  0.09999999999984024  0.10000006782573607  0.10271588536498194
-159.375  0.10000000000000002  0.10000000000000002  0.10000000000025747  0.10000042059849283  0.10145232812561655
-156.25  0.10000000000000002  0.10000000000000002  0.10000000000129952  0.10000022492383091  0.10057580300202475
-153.125  0.10000000000000002  0.10000000000000002  0.09999999999976235  0.09999808447656335  0.0999845991174422
-150.0  0.10000000000000002  0.10000000000000002  0.09999999999151285  0.09999650835437313  0.09956988644920338
-146.875  0.10000000000000002  0.10000000000000002  0.09999999999204642  0.10000715478368684  0.09926243382965218
-143.75  0.10000000000000002  0.10000000000000002  0.10000000004400109  0.10003428545869952  0.09903502622679479
-140.625  0.10000000000000002  0.09999999999999976  0.10000000009967389  0.1000259084528569  0.09887987328518576
-137.5  0.10000000000000002  0.09999999999999917  0.09999999984481597  0.09991074911064074  0.09878717193499777
-134.375  0.10000000000000002  0.100000000000001  0.0999999992095612  0.09993350530043435  0.09873978666334528
-131.25  0.10000000000000002  0.1000000000000073  0.10000000000815204  0.10146224593503292  0.0987193186437744
-128.125  0.10000000000000002  0.09999999999999495  0.10000000478536274  0.10838053813466655  0.09871271322981374
-125.0  0.10000000000000002  0.09999999999993661  0.10000000576481352  0.13335308467095952  0.09871355829876274
-121.875  0.10000000000000002  0.10000000000000446  0.0999999786729364  0.1815074795145038  0.09871940524182965
-118.75  0.10000000000000002  0.10000000000051397  0.09999994025736175  0.22854335144646917  0.09872882083360636
-115.625  0.10000000000000002  0.10000000000029544  0.10000005354492464  0.24197856865251505  0.09874017264810027
-112.5  0.10000000000000002  0.09999999999617326  0.10000042319813973  0.234560515320971  0.09875185498093743
-109.375  0.10000000000000002  0.09999999999497053  0.10000024493783723  0.21739835226102874  0.09876283795203085
-106.25  0.10000000000000002  0.10000000002536133  0.09999796297735063  0.1989691107662999  0.09877283942228811
-103.125  0.10000000000000002  0.10000000005794278  0.09999640833623945  0.1831794359160869  0.09878208132976168
-100.0  0.10000000000000002  0.09999999986043864  0.1000085449236055  0.17023549909902302  0.09879091387196338
-96.875  0.10000000000000002  0.09999999945579992  0.10003681374732475  0.15925143730395952  0.09879955821434835
-93.75  0.10000000000000002  0.10000000051382084  0.10001731274316424  0.14959944919403523  0.09880804538770159
-90.625  0.10000000000000002  0.10000000436221915  0.09988570758635572  0.14100306911106433  0.09881629018211616
-87.5  0.10000000000000002  0.1000000007183467  0.10000559682678428  0.13333359534087194  0.09882419565127983
-84.375  0.10000000000000002  0.0999999707196964  0.10212239653128609  0.12650900616898553  0.09883171591843133
-81.25  0.10000000000000002  0.09999996493825711  0.11168334274435217  0.12047291355118543  0.09883886138225013
-78.125  0.10000000000000002  0.10000016159461354  0.14572033274555765  0.11519309082181926  0.09884566977892999
-75.0  0.10000000000000002  0.10000042328240433  0.2073136055782078  0.1106594277873042  0.09885217495863696
-71.875  0.10000000000000002  0.09999946892826844  0.25672943745635163  0.10687787586510254  0.0988583920209013
-68.75  0.10000000000000002  0.09999681021782443  0.26299849781188706  0.10385873749521457  0.09886431979149808
-65.625  0.10000000000000002  0.10000022887108236  0.24566863962961455  0.1015978531447093  0.09886995140243703
-62.5  0.10000000000000002  0.10002277811511638  0.21906562042733407  0.10005306619172133  0.09887528331730788
-59.375  0.10000000000000002  0.10003625135529626  0.19395135699071933  0.09912617183377422  0.09888031835661808
-56.25  0.10000000000000002  0.09994474425937871  0.17381162023630362  0.09866529155811411  0.09888506367434977
-53.125  0.10000000000000002  0.09984379948213791  0.15787460377368567  0.09849385206858897  0.09888952709056914
-50.0  0.10000000000000002  0.1008503502103434  0.14478413469106877  0.09845441859172242  0.09889371460884287
-46.875  0.10000000000000002  0.10634817403820657  0.13377272285735914  0.09844419664836472  0.09889763000833508
-43.75  0.10000000000000002  0.13120099146599953  0.12448888071814572  0.09842306767095553  0.0989012758092254
-40.625  0.10000000000000002  0.19308471206215327  0.11675580378613083  0.09839376945882604  0.09890465442776611
-37.5  0.10000000000000002  0.2676817695720174  0.11048093690219256  0.09837227986476853  0.09890776875404
-34.375  0.10000000000000002  0.2886323212036097  0.10561638630602238  0.09836754165849203  0.09891062206425351
-31.25  0.10000000000000002  0.2689879668301969  0.10211469543455312  0.0983768310240407  0.09891321761006078
-28.125  0.10000000000001814  0.23157335862737327  0.09987122083940182  0.09839132526060025  0.09891555826727409
-25.0  0.10000000001388794  0.19509017953514993  0.09867652803920272  0.09840328598124243  0.09891764642334609
-21.875  0.10000000486779391  0.16699895429479816  0.09822190278396425  0.09840964693590269  0.09891948406297092
-18.75  0.10000078114894086  0.14647771485484865  0.09816706254345725  0.09841149657301311  0.09892107291145757
-15.625  0.1000573908887395  0.1310524381318808  0.09823074621648833  0.09841158823218846  0.09892241452276275
-12.5  0.10193045413622773  0.11917288053390436  0.09825521907875291  0.09841211805524017  0.09892351028194002
-9.375  0.12972921638615872  0.11015009738383165  0.09820773350859449  0.09841380699543338  0.09892436135703708
-6.25  0.3096113871510978  0.10376590232764488  0.09812577525355194  0.09841614282980111  0.09892496865202055
-3.125  0.7766338461617289  0.09996192049730396  0.09805718726568893  0.0984181159382225  0.09892533279091055
0.0  1.1  0.09869843281057632  0.09803138138239198  0.09841887948431126  0.0989254541319342
3.125  0.7766338461617289  0.09996192049730396  0.09805718726568893  0.0984181159382225  0.09892533279091059
6.25  0.3096113871510978  0.1037659023276448  0.09812577525355198  0.0984161428298012  0.09892496865202055
9.375  0.12972921638615872  0.11015009738383161  0.09820773350859449  0.09841380699543342  0.09892436135703708
12.5  0.10193045413622773  0.11917288053390436  0.09825521907875295  0.09841211805524021  0.09892351028194002
15.625  0.1000573908887395  0.1310524381318808  0.09823074621648838  0.09841158823218842  0.09892241452276275
18.75  0.10000078114894086  0.14647771485484867  0.09816706254345721  0.09841149657301307  0.09892107291145753
21.875  0.10000000486779391  0.16699895429479808  0.09822190278396416  0.09840964693590265  0.09891948406297088
25.0  0.10000000001388794  0.1950901795351498  0.09867652803920259  0.09840328598124243  0.09891764642334605
28.125  0.10000000000001814  0.23157335862737302  0.09987122083940174  0.09839132526060025  0.09891555826727405
31.25  0.10000000000000002  0.2689879668301969  0.10211469543455307  0.09837683102404074  0.09891321761006082
34.375  0.10000000000000002  0.28863232120360993  0.10561638630602234  0.09836754165849211  0.09891062206425355
37.5  0.10000000000000002  0.26768176957201734  0.11048093690219256  0.09837227986476862  0.09890776875404005
40.625  0.10000000000000002  0.1930847120621532  0.11675580378613087  0.09839376945882612  0.0989046544277662
43.75  0.10000000000000002  0.13120099146599953  0.12448888071814572  0.09842306767095557  0.0989012758092254
46.875  0.10000000000000002  0.10634817403820652  0.13377272285735914  0.09844419664836478  0.09889763000833508
50.0  0.10000000000000002  0.1008503502103434  0.1447841346910687  0.09845441859172246  0.09889371460884291
53.125  0.10000000000000002  0.09984379948213787  0.1578746037736856  0.09849385206858902  0.09888952709056918
56.25  0.10000000000000002  0.09994474425937871  0.1738116202363036  0.09866529155811415  0.09888506367434977
59.375  0.10000000000000002  0.10003625135529626  0.19395135699071928  0.0991261718337743  0.09888031835661812
62.5  0.10000000000000002  0.10002277811511638  0.21906562042733402  0.10005306619172137  0.09887528331730788
65.625  0.10000000000000002  0.10000022887108241  0.24566863962961455  0.1015978531447094  0.09886995140243707
68.75  0.10000000000000002  0.09999681021782447  0.26299849781188717  0.10385873749521471  0.09886431979149808
71.875  0.10000000000000002  0.09999946892826844  0.25672943745635163  0.10687787586510268  0.09885839202090126
75.0  0.10000000000000002  0.10000042328240429  0.2073136055782078  0.11065942778730435  0.09885217495863691
78.125  0.10000000000000002  0.10000016159461354  0.14572033274555765  0.11519309082181936  0.09884566977893003
81.25  0.10000000000000002  0.09999996493825711  0.11168334274435217  0.12047291355118554  0.09883886138225018
84.375  0.10000000000000002  0.0999999707196964  0.10212239653128609  0.12650900616898558  0.09883171591843137
87.5  0.10000000000000002  0.10000000071834665  0.10000559682678424  0.133333595340872  0.09882419565127988
90.625  0.10000000000000002  0.10000000436221915  0.09988570758635572  0.14100306911106436  0.09881629018211625
93.75  0.10000000000000002  0.10000000051382078  0.10001731274316424  0.1495994491940353  0.09880804538770163
96.875  0.10000000000000002  0.09999999945579992  0.10003681374732475  0.15925143730395958  0.09879955821434844
100.0  0.10000000000000002  0.09999999986043868  0.10000854492360556  0.17023549909902316  0.09879091387196352
103.125  0.10000000000000002  0.10000000005794288  0.09999640833623945  0.18317943591608707  0.09878208132976181
106.25  0.10000000000000002  0.10000000002536133  0.09999796297735063  0.19896911076629997  0.09877283942228823
109.375  0.10000000000000002  0.09999999999497058  0.10000024493783727  0.2173983522610287  0.09876283795203097
112.5  0.10000000000000002  0.09999999999617326  0.10000042319813973  0.234560515320971  0.09875185498093751
115.625  0.10000000000000002  0.10000000000029548  0.10000005354492468  0.24197856865251505  0.09874017264810035
118.75  0.10000000000000002  0.10000000000051397  0.09999994025736181  0.228543351446469  0.09872882083360646
121.875  0.10000000000000002  0.1000000000000045  0.0999999786729364  0.18150747951450358  0.09871940524182969
125.0  0.10000000000000002  0.09999999999993665  0.10000000576481358  0.1333530846709593  0.09871355829876284
128.125  0.10000000000000002  0.09999999999999501  0.10000000478536274  0.10838053813466651  0.09871271322981387
131.25  0.10000000000000002  0.10000000000000735  0.10000000000815204  0.10146224593503288  0.09871931864377456
134.375  0.10000000000000002  0.10000000000000105  0.0999999992095612  0.09993350530043435  0.09873978666334546
137.5  0.10000000000000002  0.09999999999999923  0.09999999984481597  0.09991074911064074  0.09878717193499789
140.625  0.10000000000000002  0.09999999999999984  0.10000000009967389  0.1000259084528569  0.09887987328518592
143.75  0.10000000000000002  0.10000000000000006  0.10000000004400109  0.10003428545869948  0.09903502622679496
146.875  0.10000000000000002  0.10000000000000002  0.09999999999204642  0.10000715478368684  0.09926243382965232
150.0  0.10000000000000002  0.10000000000000002  0.09999999999151285  0.09999650835437307  0.09956988644920356
153.125  0.10000000000000002  0.10000000000000002  0.09999999999976235  0.0999980844765633  0.09998459911744233
156.25  0.10000000000000002  0.10000000000000002  0.10000000000129956  0.10000022492383087  0.10057580300202487
159.375  0.10000000000000002  0.10000000000000002  0.10000000000025751  0.10000042059849279  0.10145232812561669
162.5  0.10000000000000002  0.10000000000000002  0.09999999999984029  0.10000006782573607  0.10271588536498202
165.625  0.10000000000000002  0.10000000000000002  0.09999999999993443  0.09999994236670243  0.10440034163993923
168.75  0.10000000000000002  0.10000000000000002  0.10000000000001419  0.09999997436110866  0.1064288996422255
171.875  0.10000000000000002  0.10000000000000002  0.10000000000001223  0.10000000431723033  0.10867438098143106
175.0  0.10000000000000002  0.10000000000000002  0.09999999999999976  0.10000000564321358  0.11099330894463436
178.125  0.10000000000000002  0.10000000000000002  0.0999999999999982  0.10000000056626919  0.11340791222149108
181.25  0.10000000000000002  0.10000000000000002  0.0999999999999998  0.0999999991293871  0.1158327938701888
184.375  0.10000000000000002  0.10000000000000002  0.1000000000000002  0.09999999969782254  0.11857452525205436
187.5  0.10000000000000002  0.10000000000000002  0.10000000000000006  0.10000000008875556  0.12103774578189765
190.625  0.10000000000000002  0.10000000000000002  0.10000000000000002  0.10000000005894354  0.12636975609172607
193.75  0.10000000000000002  0.10000000000000002  0.10000000000000002  0.10000000005894354  0.12636975609172607
196.875  0.10000000000000002  0.10000000000000002  0.10000000000000002  0.10000000005894354  0.12636975609172607
200.0  0.10000000000000002  0.10000000000000002  0.10000000000000002  0.10000000005894354  0.12636975609172607
