# x  eps   (N=513, t=318.75, εmax=0.130032)
-200.0  0.1300315735171507
-199.21875  0.1300315735171507
-198.4375  0.1300315735171507
-197.65625  0.1300315735171507
-196.875  0.12814691484108293
-196.09375  0.12750565822329213
-195.3125  0.12616241373090015
-194.53125  0.12527354901200397
-193.75  0.12411832171695761
-192.96875  0.1231629146440267
-192.1875  0.12210573749421125
-191.40625  0.12114291294908135
-190.625  0.12014691703748241
-189.84375  0.11920111237569837
-189.0625  0.11825188669116148
-188.28125  0.11733530673887416
-187.5  0.11642967884018592
-186.71875  0.11555168992587318
-185.9375  0.11469390376233089
-185.15625  0.11386549807888723
-184.375  0.11306569895754202
-183.59375  0.11230094021226915
-182.8125  0.11157345284896804
-182.03125  0.11088836290325421
-181.25  0.11024866702065655
-180.46875  0.10965806066059718
-179.6875  0.10911865300031305
-178.90625  0.10863205015413481
-178.125  0.10819832188917858
-177.34375  0.107816450323345
-176.5625  0.10748393661759603
-175.78125  0.1071970840605815
-175.0  0.10695096620943959
-174.21875  0.10673971221656003
-173.4375  0.10655668046286534
-172.65625  0.1063947767823583
-171.875  0.10624672668397209
-171.09375  0.1061053994540233
-170.3125  0.10596409453364271
-169.53125  0.10581682174496652
-168.75  0.10565852926969203
-167.96875  0.10548528531893463
-167.1875  0.10529438959398055
-166.40625  0.10508441571511734
-165.625  0.10485517764932237
-164.84375  0.1046076279129164
-164.0625  0.10434369582901253
-163.28125  0.10406608279896991
-162.5  0.10377803261518785
-161.71875  0.1034830973228848
-160.9375  0.10318491679099905
-160.15625  0.1028870272280133
-159.375  0.10259270858190833
-158.59375  0.10230487557472423
-157.8125  0.10202601188794762
-157.03125  0.1017581430510947
-156.25  0.1015028408532186
-155.46875  0.1012612509254668
-154.6875  0.1010341351801974
-153.90625  0.10082192180535939
-153.125  0.10062475704007548
-152.34375  0.10044255467843556
-151.5625  0.1002750408554535
-150.78125  0.10012179300331674
-150.0  0.09998227283916725
-149.21875  0.09985585386572818
-148.4375  0.09974184418008128
-147.65625  0.09963950547234386
-146.875  0.09954806903223476
-146.09375  0.09946674943793149
-145.3125  0.09939475643030639
-144.53125  0.0993313053122549
-143.75  0.09927562607686158
-142.96875  0.09922697136774937
-142.1875  0.09918462331007949
-141.40625  0.0991478992169295
-140.625  0.09911615616653764
-139.84375  0.0990887944541901
-139.0625  0.09906525994174033
-138.28125  0.09904504535232628
-137.5  0.09902769058327786
-136.71875  0.0990127821332026
-135.9375  0.09899995175754976
-135.15625  0.09898887447932901
-134.375  0.09897926608766994
-133.59375  0.09897088025674362
-132.8125  0.09896350541194551
-132.03125  0.09895696146013132
-131.25  0.09895109648729628
-130.46875  0.09894578351155113
-129.6875  0.09894091736272607
-128.90625  0.09893641174339163
-128.125  0.09893219651033675
-127.34375  0.09892821520118927
-126.5625  0.09892442281831795
-125.78125  0.09892078387162906
-125.0  0.09891727067345195
-124.21875  0.09891386187231878
-123.4375  0.09891054120794468
-122.65625  0.09890729646688375
-121.875  0.09890411861691498
-121.09375  0.09890100109794173
-120.3125  0.09889793924780972
-119.53125  0.09889492984269867
-118.75  0.09889197073344558
-117.96875  0.09888906056109116
-117.1875  0.09888619853698544
-116.40625  0.098883384274821
-115.625  0.09888061766390077
-114.84375  0.09887789877473005
-114.0625  0.09887522778963119
-113.28125  0.0988726049524782
-112.5  0.09887003053285849
-111.71875  0.09886750480097381
-110.9375  0.09886502801043517
-110.15625  0.09886260038677744
-109.375  0.0988602221200635
-108.59375  0.09885789336036968
-107.8125  0.09885561421527145
-107.03125  0.0988533847486977
-106.25  0.09885120498070558
-105.46875  0.09884907488786669
-104.6875  0.09884699440405054
-103.90625  0.09884496342146486
-103.125  0.09884298179185748
-102.34375  0.09884104932782008
-101.5625  0.09883916580415363
-100.78125  0.09883733095927413
-100.0  0.09883554449663955
-99.21875  0.09883380608619136
-98.4375  0.09883211536580355
-97.65625  0.09883047194273305
-96.875  0.09882887539506999
-96.09375  0.0988273252731835
-95.3125  0.09882582110116091
-94.53125  0.09882436237823607
-93.75  0.09882294858020696
-92.96875  0.09882157916083603
-92.1875  0.09882025355323523
-91.40625  0.09881897117122872
-90.625  0.09881773141069555
-89.84375  0.09881653365088593
-89.0625  0.09881537725571238
-88.28125  0.09881426157501244
-87.5  0.09881318594578167
-86.71875  0.0988121496933754
-85.9375  0.09881115213267853
-85.15625  0.0988101925692411
-84.375  0.0988092703003809
-83.59375  0.09880838461624948
-82.8125  0.09880753480086392
-82.03125  0.09880672013310113
-81.25  0.098805939887657
-80.46875  0.09880519333596792
-79.6875  0.09880447974709614
-78.90625  0.09880379838857835
-78.125  0.09880314852723755
-77.34375  0.09880252942995893
-76.5625  0.09880194036442902
-75.78125  0.09880138059984023
-75.0  0.09880084940755983
-74.21875  0.09880034606176383
-73.4375  0.09879986984003822
-72.65625  0.0987994200239449
-71.875  0.09879899589955729
-71.09375  0.09879859675796249
-70.3125  0.09879822189573315
-69.53125  0.09879787061536856
-68.75  0.0987975422257071
-67.96875  0.0987972360423098
-67.1875  0.09879695138781627
-66.40625  0.09879668759227482
-65.625  0.09879644399344494
-64.84375  0.0987962199370776
-64.0625  0.09879601477716968
-63.28125  0.09879582787619642
-62.5  0.09879565860532163
-61.71875  0.09879550634458723
-60.9375  0.09879537048308244
-60.15625  0.09879525041909336
-59.375  0.09879514556023525
-58.59375  0.09879505532356679
-57.8125  0.09879497913568798
-57.03125  0.09879491643282205
-56.25  0.09879486666088319
-55.46875  0.09879482927552975
-54.6875  0.09879480374220448
-53.90625  0.09879478953616241
-53.125  0.09879478614248655
-52.34375  0.09879479305609297
-51.5625  0.0987948097817264
-50.78125  0.09879483583394436
-50.0  0.09879487073709413
-49.21875  0.09879491402528068
-48.4375  0.09879496524232723
-47.65625  0.09879502394172805
-46.875  0.09879508968659548
-46.09375  0.09879516204960095
-45.3125  0.09879524061290941
-44.53125  0.09879532496811064
-43.75  0.09879541471614427
-42.96875  0.09879550946722158
-42.1875  0.09879560884074408
-41.40625  0.09879571246521777
-40.625  0.0987958199781652
-39.84375  0.09879593102603527
-39.0625  0.09879604526411051
-38.28125  0.09879616235641232
-37.5  0.09879628197560601
-36.71875  0.09879640380290228
-35.9375  0.0987965275279609
-35.15625  0.09879665284879077
-34.375  0.09879677947165183
-33.59375  0.09879690711095526
-32.8125  0.09879703548916483
-32.03125  0.09879716433669804
-31.25  0.09879729339182763
-30.46875  0.09879742240058387
-29.6875  0.09879755111665814
-28.90625  0.09879767930130641
-28.125  0.09879780672325511
-27.34375  0.09879793315860756
-26.5625  0.09879805839075159
-25.78125  0.0987981822102695
-25.0  0.09879830441484883
-24.21875  0.09879842480919573
-23.4375  0.09879854320494917
-22.65625  0.09879865942059819
-21.875  0.09879877328140015
-21.09375  0.09879888461930217
-20.3125  0.0987989932728634
-19.53125  0.0987990990871808
-18.75  0.09879920191381689
-17.96875  0.09879930161072918
-17.1875  0.09879939804220296
-16.40625  0.09879949107878586
-15.625  0.09879958059722553
-14.84375  0.09879966648040946
-14.0625  0.09879974861730714
-13.28125  0.09879982690291587
-12.5  0.0987999012382078
-11.71875  0.09879997153008105
-10.9375  0.09880003769131282
-10.15625  0.09880009964051466
-9.375  0.09880015730209214
-8.59375  0.09880021060620553
-7.8125  0.09880025948873475
-7.03125  0.0988003038912456
-6.25  0.0988003437609605
-5.46875  0.09880037905073055
-4.6875  0.09880040971901148
-3.90625  0.09880043572984198
-3.125  0.09880045705282481
-2.34375  0.09880047366311145
-1.5625  0.09880048554138855
-0.78125  0.09880049267386784
0.0  0.09880049505227977
0.78125  0.09880049267386784
1.5625  0.09880048554138855
2.34375  0.09880047366311145
3.125  0.09880045705282481
3.90625  0.09880043572984198
4.6875  0.09880040971901148
5.46875  0.09880037905073055
6.25  0.09880034376096054
7.03125  0.09880030389124564
7.8125  0.09880025948873475
8.59375  0.09880021060620553
9.375  0.0988001573020921
10.15625  0.09880009964051466
10.9375  0.09880003769131282
11.71875  0.09879997153008105
12.5  0.09879990123820774
13.28125  0.09879982690291587
14.0625  0.0987997486173071
14.84375  0.09879966648040946
15.625  0.09879958059722553
16.40625  0.09879949107878586
17.1875  0.09879939804220296
17.96875  0.09879930161072922
18.75  0.09879920191381693
19.53125  0.09879909908718085
20.3125  0.09879899327286344
21.09375  0.09879888461930221
21.875  0.09879877328140023
22.65625  0.09879865942059828
23.4375  0.09879854320494917
24.21875  0.09879842480919573
25.0  0.09879830441484887
25.78125  0.09879818221026954
26.5625  0.09879805839075159
27.34375  0.09879793315860756
28.125  0.09879780672325511
28.90625  0.09879767930130641
29.6875  0.09879755111665814
30.46875  0.09879742240058392
31.25  0.09879729339182759
32.03125  0.09879716433669804
32.8125  0.09879703548916487
33.59375  0.09879690711095526
34.375  0.09879677947165183
35.15625  0.09879665284879073
35.9375  0.0987965275279609
36.71875  0.09879640380290228
37.5  0.09879628197560601
38.28125  0.09879616235641238
39.0625  0.09879604526411051
39.84375  0.09879593102603527
40.625  0.09879581997816515
41.40625  0.09879571246521772
42.1875  0.09879560884074408
42.96875  0.09879550946722158
43.75  0.09879541471614423
44.53125  0.0987953249681106
45.3125  0.09879524061290937
46.09375  0.09879516204960091
46.875  0.09879508968659544
47.65625  0.09879502394172801
48.4375  0.09879496524232718
49.21875  0.09879491402528064
50.0  0.09879487073709409
50.78125  0.0987948358339443
51.5625  0.09879480978172636
52.34375  0.09879479305609297
53.125  0.0987947861424865
53.90625  0.09879478953616241
54.6875  0.09879480374220448
55.46875  0.09879482927552975
56.25  0.09879486666088319
57.03125  0.0987949164328221
57.8125  0.09879497913568806
58.59375  0.09879505532356683
59.375  0.09879514556023529
60.15625  0.09879525041909336
60.9375  0.09879537048308244
61.71875  0.09879550634458727
62.5  0.09879565860532168
63.28125  0.09879582787619648
64.0625  0.09879601477716973
64.84375  0.09879621993707764
65.625  0.09879644399344494
66.40625  0.09879668759227482
67.1875  0.09879695138781631
67.96875  0.0987972360423098
68.75  0.0987975422257071
69.53125  0.0987978706153686
70.3125  0.0987982218957332
71.09375  0.09879859675796258
71.875  0.09879899589955735
72.65625  0.0987994200239449
73.4375  0.09879986984003822
74.21875  0.09880034606176383
75.0  0.09880084940755983
75.78125  0.09880138059984019
76.5625  0.09880194036442902
77.34375  0.09880252942995889
78.125  0.0988031485272375
78.90625  0.0988037983885783
79.6875  0.09880447974709604
80.46875  0.09880519333596788
81.25  0.09880593988765696
82.03125  0.09880672013310113
82.8125  0.09880753480086388
83.59375  0.09880838461624948
84.375  0.0988092703003809
85.15625  0.0988101925692411
85.9375  0.09881115213267853
86.71875  0.09881214969337544
87.5  0.09881318594578167
88.28125  0.0988142615750124
89.0625  0.09881537725571238
89.84375  0.09881653365088588
90.625  0.09881773141069555
91.40625  0.09881897117122868
92.1875  0.09882025355323523
92.96875  0.09882157916083603
93.75  0.09882294858020696
94.53125  0.09882436237823607
95.3125  0.09882582110116085
96.09375  0.09882732527318354
96.875  0.09882887539506999
97.65625  0.09883047194273305
98.4375  0.0988321153658036
99.21875  0.09883380608619141
100.0  0.09883554449663963
100.78125  0.09883733095927418
101.5625  0.09883916580415372
102.34375  0.09884104932782012
103.125  0.09884298179185756
103.90625  0.0988449634214649
104.6875  0.09884699440405063
105.46875  0.09884907488786675
106.25  0.09885120498070564
107.03125  0.0988533847486977
107.8125  0.09885561421527145
108.59375  0.09885789336036974
109.375  0.0988602221200635
110.15625  0.09886260038677748
110.9375  0.09886502801043522
111.71875  0.09886750480097385
112.5  0.09887003053285853
113.28125  0.0988726049524782
114.0625  0.09887522778963119
114.84375  0.09887789877473005
115.625  0.09888061766390077
116.40625  0.098883384274821
117.1875  0.09888619853698544
117.96875  0.09888906056109116
118.75  0.09889197073344558
119.53125  0.09889492984269863
120.3125  0.09889793924780972
121.09375  0.09890100109794168
121.875  0.09890411861691494
122.65625  0.09890729646688375
123.4375  0.09891054120794458
124.21875  0.0989138618723187
125.0  0.0989172706734519
125.78125  0.09892078387162902
126.5625  0.09892442281831787
127.34375  0.09892821520118919
128.125  0.0989321965103366
128.90625  0.09893641174339149
129.6875  0.09894091736272594
130.46875  0.09894578351155099
131.25  0.09895109648729614
132.03125  0.09895696146013122
132.8125  0.09896350541194533
133.59375  0.0989708802567435
134.375  0.09897926608766976
135.15625  0.09898887447932887
135.9375  0.09899995175754962
136.71875  0.09901278213320247
137.5  0.09902769058327769
138.28125  0.09904504535232614
139.0625  0.09906525994174019
139.84375  0.09908879445418993
140.625  0.09911615616653752
141.40625  0.09914789921692942
142.1875  0.0991846233100794
142.96875  0.09922697136774927
143.75  0.0992756260768615
144.53125  0.0993313053122548
145.3125  0.09939475643030635
146.09375  0.09946674943793149
146.875  0.09954806903223472
147.65625  0.0996395054723438
148.4375  0.0997418441800812
149.21875  0.0998558538657281
150.0  0.09998227283916715
150.78125  0.10012179300331664
151.5625  0.1002750408554534
152.34375  0.10044255467843552
153.125  0.10062475704007544
153.90625  0.10082192180535934
154.6875  0.10103413518019735
155.46875  0.10126125092546676
156.25  0.1015028408532186
157.03125  0.10175814305109465
157.8125  0.10202601188794762
158.59375  0.10230487557472413
159.375  0.10259270858190825
160.15625  0.10288702722801321
160.9375  0.10318491679099895
161.71875  0.10348309732288472
162.5  0.10377803261518781
163.28125  0.10406608279896987
164.0625  0.10434369582901248
164.84375  0.10460762791291636
165.625  0.10485517764932228
166.40625  0.1050844157151173
167.1875  0.10529438959398055
167.96875  0.10548528531893463
168.75  0.10565852926969199
169.53125  0.10581682174496648
170.3125  0.10596409453364261
171.09375  0.10610539945402321
171.875  0.10624672668397199
172.65625  0.10639477678235822
173.4375  0.1065566804628652
174.21875  0.10673971221655994
175.0  0.10695096620943943
175.78125  0.10719708406058134
176.5625  0.1074839366175959
177.34375  0.1078164503233449
178.125  0.10819832188917844
178.90625  0.10863205015413466
179.6875  0.10911865300031291
180.46875  0.10965806066059708
181.25  0.11024866702065646
182.03125  0.11088836290325417
182.8125  0.11157345284896804
183.59375  0.11230094021226915
184.375  0.11306569895754208
185.15625  0.11386549807888727
185.9375  0.11469390376233089
186.71875  0.11555168992587328
187.5  0.11642967884018603
188.28125  0.11733530673887431
189.0625  0.11825188669116163
189.84375  0.11920111237569847
190.625  0.12014691703748252
191.40625  0.1211429129490814
192.1875  0.12210573749421141
192.96875  0.12316291464402693
193.75  0.12411832171695783
194.53125  0.12527354901200424
195.3125  0.12616241373090037
196.09375  0.12750565822329243
196.875  0.12814691484108315
197.65625  0.13003157351715092
198.4375  0.13003157351715092
199.21875  0.13003157351715092
200.0  0.13003157351715092
