# t  err_FV  err_FD   (|∫Ttt(t)-∫Ttt(0)|;  FV=conserved var, FD=primitive-reconstructed)
0.0  0.0  0.0
2.5  1.4210854715202004e-14  0.0022722439977300724
5.0  2.1316282072803006e-14  0.00016714408481277587
7.5  2.842170943040401e-14  0.0048934233162398755
10.0  3.552713678800501e-14  0.005045511932003421
12.5  3.552713678800501e-14  0.0012589384616674693
15.0  4.263256414560601e-14  0.0038968176511602337
17.5  4.263256414560601e-14  0.007002852374903057
20.0  4.973799150320701e-14  0.00916883444601524
22.5  5.684341886080802e-14  0.011458549974868504
25.0  6.394884621840902e-14  0.013674832193537156
27.5  7.105427357601002e-14  0.015542582519941561
30.0  7.815970093361102e-14  0.017306694678580925
32.5  4.263256414560601e-14  0.019219022990561996
35.0  6.394884621840902e-14  0.020891056545423226
37.5  8.526512829121202e-14  0.02198225999816117
40.0  6.394884621840902e-14  0.02297317954168676
42.5  9.237055564881302e-14  0.02428957520427133
45.0  7.815970093361102e-14  0.025472943137849313
47.5  8.526512829121202e-14  0.025974108103504534
50.0  7.815970093361102e-14  0.026192463343917893
52.5  8.526512829121202e-14  0.026790466187748052
55.0  6.394884621840902e-14  0.027548239610830194
57.5  8.526512829121202e-14  0.0277842555700758
60.0  8.526512829121202e-14  0.027490810420815137
62.5  6.394884621840902e-14  0.027398255812911998
65.0  9.237055564881302e-14  0.027742888811687294
67.5  9.947598300641403e-14  0.02797385709221345
70.0  1.0658141036401503e-13  0.02762296608567283
72.5  1.1368683772161603e-13  0.027043551230427454
75.0  1.2079226507921703e-13  0.026863759324889713
77.5  9.237055564881302e-14  0.027015295740028478
80.0  1.0658141036401503e-13  0.026929024368293142
82.5  9.237055564881302e-14  0.02633993651332389
85.0  8.526512829121202e-14  0.025691325980119473
87.5  1.0658141036401503e-13  0.025461776058115504
90.0  1.1368683772161603e-13  0.025490949379374683
92.5  1.1368683772161603e-13  0.025280060887006073
95.0  1.3500311979441904e-13  0.024643965336800022
97.5  1.4921397450962104e-13  0.023980027806651094
100.0  1.3500311979441904e-13  0.02369129919417645
102.5  1.4921397450962104e-13  0.023652444260072514
105.0  1.3500311979441904e-13  0.023441343846897666
107.5  1.2789769243681803e-13  0.02285826329180196
110.0  1.3500311979441904e-13  0.022191694670098627
112.5  1.2079226507921703e-13  0.021822878012272895
115.0  1.4921397450962104e-13  0.02173089407740747
117.5  1.4210854715202004e-13  0.021579738008547622
120.0  1.3500311979441904e-13  0.021117559994081603
122.5  1.3500311979441904e-13  0.020478405720403714
125.0  1.6342482922482304e-13  0.02001400212483162
127.5  1.4921397450962104e-13  0.01984118569312443
130.0  1.6342482922482304e-13  0.019746655289274884
132.5  1.3500311979441904e-13  0.019449823884826856
135.0  1.8474111129762605e-13  0.018907597853605296
137.5  1.7053025658242404e-13  0.018370272372138174
140.0  1.7763568394002505e-13  0.018069882276499527
142.5  1.7053025658242404e-13  0.017964472937165965
145.0  1.6342482922482304e-13  0.017820623206503683
147.5  1.6342482922482304e-13  0.017459136635793016
150.0  1.8474111129762605e-13  0.01694427658632236
152.5  1.8474111129762605e-13  0.01651152685261792
155.0  1.4921397450962104e-13  0.01629479225294972
157.5  2.2026824808563106e-13  0.01620366876749557
160.0  1.7763568394002505e-13  0.01603831599213379
162.5  1.9895196601282805e-13  0.01568364173498793
165.0  1.7763568394002505e-13  0.015225299871879372
167.5  2.2026824808563106e-13  0.01485621252711411
170.0  2.3447910280083306e-13  0.014669101183883981
172.5  1.9895196601282805e-13  0.014581417822462583
175.0  2.0605739337042905e-13  0.014430878085640586
177.5  2.2737367544323206e-13  0.014123921331730571
180.0  2.1316282072803006e-13  0.013723151293397962
182.5  1.9184653865522705e-13  0.013382804346122157
185.0  1.9184653865522705e-13  0.013192249208955786
187.5  1.9184653865522705e-13  0.013103062898814244
190.0  2.0605739337042905e-13  0.012987737896516194
192.5  1.9184653865522705e-13  0.012751470536059628
195.0  2.4868995751603507e-13  0.012413226775628061
197.5  1.7053025658242404e-13  0.012086765790193965
200.0  1.1368683772161603e-13  0.011870795417436852
202.5  5.044853423896711e-13  0.011764465196449692
205.0  1.8758328224066645e-12  0.011681069811352529
207.5  9.094947017729282e-13  0.011524634205393625
210.0  1.156053031081683e-11  0.011265838854050969
212.5  1.5837997580092633e-11  0.010965159746440634
215.0  1.1862510973514873e-10  0.010717721437842442
217.5  4.893436766906234e-10  0.010570310742707534
220.0  2.914504193540779e-10  0.010489935852902477
222.5  1.9598687117650115e-9  0.010398543467495358
225.0  1.4859011798762367e-9  0.010233822765691514
227.5  4.9592827622291225e-8  0.0099948440325619
230.0  1.848381359081941e-7  0.009741292759578357
232.5  2.8085590031423635e-7  0.009542696654868621
235.0  2.5632599687241964e-7  0.009423501275279023
237.5  3.100122292210017e-6  0.009353583811126498
240.0  2.2500374100786757e-5  0.009285289283646136
242.5  8.294937217812048e-5  0.009193771368899206
245.0  0.00019499135578371352  0.009082518357445224
247.5  0.00045205253634605924  0.009102401291606554
250.0  0.0020159922546625353  0.010568693174896282
252.5  0.010972555999927636  0.023219777943175757
255.0  0.050765528971489005  0.07829288909795196
257.5  0.17948589990829333  0.2330796788444971
260.0  0.47918743322487956  0.5430873946466122
262.5  0.9368592470453478  0.9769793128775675
265.0  1.4709905259632947  1.4796474213042359
267.5  2.02218991404623  2.018431416914268
270.0  2.5627341233685925  2.5589875110245686
272.5  3.0722695653583756  3.066648696579634
275.0  3.5458653792660115  3.5402003353348306
277.5  3.9875671001379587  3.9825124482149477
280.0  4.399770891068734  4.395282899799518
282.5  4.784548719980755  4.780595247270746
285.0  5.143991984853024  5.140517208381652
287.5  5.480002912132129  5.476947339457645
290.0  5.794320455798591  5.791631926197937
292.5  6.0885398256888905  6.086171743676857
295.0  6.36411637091809  6.362027675634174
297.5  6.622376608720785  6.620531836681536
300.0  6.864530860926557  6.862899538464383
302.5  7.091684616483235  7.090240538595559
305.0  7.304848989813273  7.303569570375764
307.5  7.504950323826428  7.503816022723953
310.0  7.692838817944782  7.691832654045896
312.5  7.869296210735243  7.868403362495222
315.0  8.035042622296366  8.034250103862334
317.5  8.190742660264341  8.190039056760412
320.0  8.337010876387026  8.33638612454606
