# x  eps   (N=257, t=318.75, εmax=0.126839)
-200.0  0.12683899695859227
-198.4375  0.12683899695859227
-196.875  0.12683899695859227
-195.3125  0.12683899695859227
-193.75  0.12376489427495933
-192.1875  0.1224885830928285
-190.625  0.12059435304897997
-189.0625  0.11908049342046027
-187.5  0.1174564632032148
-185.9375  0.11598861646614123
-184.375  0.11453263592379
-182.8125  0.1131621992499513
-181.25  0.1118360470759262
-179.6875  0.11057798718334617
-178.125  0.10938354464672993
-176.5625  0.10827091667983559
-175.0  0.10725254846018971
-173.4375  0.1063457189376398
-171.875  0.10556010612756553
-170.3125  0.10489738046753658
-168.75  0.10434677198181723
-167.1875  0.1038869601922945
-165.625  0.1034892308462084
-164.0625  0.1031234617413189
-162.5  0.10276391942376095
-160.9375  0.10239392375772845
-159.375  0.10200780577029181
-157.8125  0.1016100408797715
-156.25  0.10121208345394256
-154.6875  0.10082823280779661
-153.125  0.1004718522853339
-151.5625  0.10015286562695729
-150.0  0.09987677195739735
-148.4375  0.09964489061467621
-146.875  0.09945529763647815
-145.3125  0.0993039567927981
-143.75  0.09918572936248171
-142.1875  0.09909513759734337
-140.625  0.09902687949186319
-139.0625  0.09897614283467916
-137.5  0.09893877130859516
-135.9375  0.09891132459974519
-134.375  0.09889106397227096
-132.8125  0.09887588851690174
-131.25  0.09886424334849862
-129.6875  0.0988550172309509
-128.125  0.09884744269186144
-126.5625  0.09884100705890259
-125.0  0.09883537867331658
-123.4375  0.09883034928036336
-121.875  0.09882579141351759
-120.3125  0.0988216284012693
-118.75  0.09881781422356774
-117.1875  0.09881432057353311
-115.625  0.09881112889654062
-114.0625  0.09880822569336732
-112.5  0.0988055998640435
-110.9375  0.09880324127292067
-109.375  0.0988011400162671
-107.8125  0.09879928608028854
-106.25  0.09879766920984538
-104.6875  0.09879627888791022
-103.125  0.09879510437139391
-101.5625  0.09879413475394762
-100.0  0.09879335903968732
-98.4375  0.09879276621889682
-96.875  0.09879234534064951
-95.3125  0.09879208557950454
-93.75  0.09879197629477371
-92.1875  0.09879200708169153
-90.625  0.09879216781436247
-89.0625  0.0987924486807097
-87.5  0.09879284020987837
-85.9375  0.09879333329268825
-84.375  0.09879391919581154
-82.8125  0.0987945895703934
-81.25  0.09879533645583359
-79.6875  0.0987961522794309
-78.125  0.0987970298525522
-76.5625  0.09879796236394077
-75.0  0.09879894337071686
-73.4375  0.09879996678757091
-71.875  0.09880102687458144
-70.3125  0.09880211822403866
-68.75  0.0988032357465948
-67.1875  0.09880437465701541
-65.625  0.09880553045975748
-64.0625  0.09880669893456123
-62.5  0.09880787612220586
-60.9375  0.09880905831054927
-59.375  0.09881024202094282
-57.8125  0.09881142399509345
-56.25  0.09881260118242162
-54.6875  0.09881377072795236
-53.125  0.09881492996075981
-51.5625  0.09881607638297685
-50.0  0.09881720765937355
-48.4375  0.09881832160749873
-46.875  0.09881941618837667
-45.3125  0.09882048949774494
-43.75  0.09882153975781638
-42.1875  0.09882256530954804
-40.625  0.09882356460539517
-39.0625  0.09882453620253132
-37.5  0.09882547875651135
-35.9375  0.09882639101535738
-34.375  0.0988272718140458
-32.8125  0.09882812006937451
-31.25  0.09882893477519121
-29.6875  0.09882971499796292
-28.125  0.09883045987266735
-26.5625  0.09883116859899092
-25.0  0.09883184043781446
-23.4375  0.09883247470797296
-21.875  0.0988330707832732
-20.3125  0.09883362808975706
-18.75  0.09883414610319691
-17.1875  0.0988346243468121
-15.625  0.0988350623891955
-14.0625  0.09883545984244044
-12.5  0.09883581636045947
-10.9375  0.09883613163748588
-9.375  0.09883640540675265
-7.8125  0.09883663743934062
-6.25  0.09883682754319177
-4.6875  0.09883697556228183
-3.125  0.09883708137594832
-1.5625  0.09883714489837288
0.0  0.09883716607821116
1.5625  0.09883714489837293
3.125  0.09883708137594836
4.6875  0.09883697556228191
6.25  0.09883682754319187
7.8125  0.09883663743934068
9.375  0.09883640540675269
10.9375  0.09883613163748588
12.5  0.09883581636045947
14.0625  0.09883545984244048
15.625  0.0988350623891955
17.1875  0.09883462434681214
18.75  0.09883414610319691
20.3125  0.09883362808975706
21.875  0.0988330707832732
23.4375  0.09883247470797292
25.0  0.09883184043781441
26.5625  0.09883116859899088
28.125  0.09883045987266735
29.6875  0.09882971499796292
31.25  0.09882893477519121
32.8125  0.09882812006937451
34.375  0.09882727181404584
35.9375  0.09882639101535742
37.5  0.09882547875651135
39.0625  0.09882453620253136
40.625  0.09882356460539517
42.1875  0.09882256530954804
43.75  0.09882153975781638
45.3125  0.09882048949774494
46.875  0.09881941618837663
48.4375  0.09881832160749869
50.0  0.0988172076593735
51.5625  0.09881607638297685
53.125  0.09881492996075977
54.6875  0.0988137707279523
56.25  0.09881260118242158
57.8125  0.0988114239950934
59.375  0.09881024202094282
60.9375  0.09880905831054923
62.5  0.09880787612220586
64.0625  0.09880669893456123
65.625  0.09880553045975748
67.1875  0.09880437465701541
68.75  0.09880323574659484
70.3125  0.0988021182240387
71.875  0.09880102687458148
73.4375  0.09879996678757091
75.0  0.0987989433707169
76.5625  0.09879796236394077
78.125  0.0987970298525522
79.6875  0.09879615227943085
81.25  0.09879533645583354
82.8125  0.09879458957039336
84.375  0.09879391919581154
85.9375  0.09879333329268825
87.5  0.09879284020987837
89.0625  0.09879244868070976
90.625  0.09879216781436247
92.1875  0.09879200708169153
93.75  0.09879197629477367
95.3125  0.09879208557950454
96.875  0.09879234534064951
98.4375  0.09879276621889682
100.0  0.09879335903968728
101.5625  0.09879413475394762
103.125  0.09879510437139391
104.6875  0.09879627888791022
106.25  0.09879766920984538
107.8125  0.09879928608028854
109.375  0.09880114001626719
110.9375  0.09880324127292067
112.5  0.09880559986404355
114.0625  0.09880822569336738
115.625  0.09881112889654066
117.1875  0.09881432057353311
118.75  0.09881781422356778
120.3125  0.0988216284012693
121.875  0.09882579141351763
123.4375  0.0988303492803634
125.0  0.09883537867331658
126.5625  0.09884100705890259
128.125  0.09884744269186144
129.6875  0.09885501723095094
131.25  0.09886424334849862
132.8125  0.0988758885169018
134.375  0.09889106397227104
135.9375  0.09891132459974529
137.5  0.09893877130859526
139.0625  0.09897614283467922
140.625  0.09902687949186323
142.1875  0.09909513759734345
143.75  0.0991857293624818
145.3125  0.09930395679279823
146.875  0.09945529763647833
148.4375  0.09964489061467635
150.0  0.09987677195739743
151.5625  0.10015286562695737
153.125  0.10047185228533399
154.6875  0.1008282328077967
156.25  0.10121208345394261
157.8125  0.10161004087977159
159.375  0.10200780577029185
160.9375  0.10239392375772854
162.5  0.10276391942376105
164.0625  0.10312346174131902
165.625  0.10348923084620848
167.1875  0.10388696019229458
168.75  0.10434677198181733
170.3125  0.10489738046753667
171.875  0.10556010612756557
173.4375  0.1063457189376399
175.0  0.10725254846018985
176.5625  0.10827091667983572
178.125  0.10938354464673007
179.6875  0.11057798718334637
181.25  0.11183604707592641
182.8125  0.11316219924995145
184.375  0.11453263592379015
185.9375  0.11598861646614138
187.5  0.11745646320321486
189.0625  0.11908049342046033
190.625  0.12059435304897997
192.1875  0.12248858309282856
193.75  0.12376489427495933
195.3125  0.12683899695859233
196.875  0.12683899695859233
198.4375  0.12683899695859233
200.0  0.12683899695859233
