# x  eps   (N=129, t=318.75, εmax=0.123412)
-200.0  0.12341181680110985
-196.875  0.12341181680110985
-193.75  0.12341181680110985
-190.625  0.12341181680110985
-187.5  0.11838374376364405
-184.375  0.1160600272832421
-181.25  0.11348031831066846
-178.125  0.11123929483157477
-175.0  0.10904939053494829
-171.875  0.10698370334161109
-168.75  0.1049842771321709
-165.625  0.10314994984870879
-162.5  0.10159718946633914
-159.375  0.10043575415502136
-156.25  0.09968177804555514
-153.125  0.09925983917410106
-150.0  0.09904684572240247
-146.875  0.09893390711163635
-143.75  0.09885811486923476
-140.625  0.09879893091384453
-137.5  0.09875573797870645
-134.375  0.09872965636205085
-131.25  0.0987178713416236
-128.125  0.09871585172758894
-125.0  0.09872006543992355
-121.875  0.0987283578593742
-118.75  0.09873910953115539
-115.625  0.09875078639408232
-112.5  0.09876216431185876
-109.375  0.09877264905042109
-106.25  0.09878225639469608
-103.125  0.0987913022470963
-100.0  0.09880007816133243
-96.875  0.09880869772865133
-93.75  0.09881711820595385
-90.625  0.09882524062310513
-87.5  0.09883299457853423
-84.375  0.09884036750501342
-81.25  0.09884738791171128
-78.125  0.09885409315623711
-75.0  0.0988605068755707
-71.875  0.09886663439087977
-68.75  0.09887247055788151
-65.625  0.09887801000462298
-62.5  0.09888325285789945
-59.375  0.09888820470719843
-56.25  0.09889287339556438
-53.125  0.09889726588504827
-50.0  0.09890138695508098
-46.875  0.09890523965513125
-43.75  0.09890882645534411
-40.625  0.09891215010471384
-37.5  0.09891521381806821
-34.375  0.09891802097527891
-31.25  0.09892057472267235
-28.125  0.09892287775282206
-25.0  0.09892493231218995
-21.875  0.09892674032964438
-18.75  0.09892830353446669
-15.625  0.09892962349671472
-12.5  0.09893070159877276
-9.375  0.09893153898445795
-6.25  0.09893213652595166
-3.125  0.09893249482188647
0.0  0.09893261421661068
3.125  0.09893249482188647
6.25  0.09893213652595166
9.375  0.09893153898445795
12.5  0.09893070159877282
15.625  0.09892962349671472
18.75  0.09892830353446669
21.875  0.09892674032964434
25.0  0.0989249323121899
28.125  0.098922877752822
31.25  0.09892057472267235
34.375  0.09891802097527895
37.5  0.09891521381806825
40.625  0.09891215010471388
43.75  0.09890882645534411
46.875  0.09890523965513129
50.0  0.09890138695508102
53.125  0.09889726588504831
56.25  0.09889287339556434
59.375  0.09888820470719843
62.5  0.09888325285789945
65.625  0.09887801000462298
68.75  0.09887247055788151
71.875  0.09886663439087977
75.0  0.09886050687557078
78.125  0.09885409315623715
81.25  0.09884738791171128
84.375  0.09884036750501347
87.5  0.09883299457853431
90.625  0.09882524062310521
93.75  0.09881711820595389
96.875  0.09880869772865147
100.0  0.09880007816133261
103.125  0.09879130224709642
106.25  0.09878225639469622
109.375  0.09877264905042125
112.5  0.09876216431185884
115.625  0.09875078639408236
118.75  0.09873910953115543
121.875  0.09872835785937424
125.0  0.09872006543992365
128.125  0.09871585172758902
131.25  0.09871787134162373
134.375  0.09872965636205097
137.5  0.09875573797870667
140.625  0.09879893091384472
143.75  0.09885811486923494
146.875  0.09893390711163652
150.0  0.09904684572240265
153.125  0.09925983917410124
156.25  0.09968177804555522
159.375  0.10043575415502146
162.5  0.10159718946633918
165.625  0.10314994984870889
168.75  0.104984277132171
171.875  0.10698370334161124
175.0  0.10904939053494843
178.125  0.11123929483157492
181.25  0.11348031831066867
184.375  0.11606002728324226
187.5  0.11838374376364415
190.625  0.12341181680111002
193.75  0.12341181680111002
196.875  0.12341181680111002
200.0  0.12341181680111002
