# x  t0 t46.875 t93.75 t156.25 t315.625  (Julia smooth-shock vs C rows [1, 16, 31, 51, 102])
-200.0  1.0  1.0000000000000002  1.0000000000000002  1.0000000000000002  1.000000000000001
-196.875  1.0  1.0000000000000002  1.0000000000000002  1.0000000000000002  1.000000000000001
-193.75  1.0  1.0000000000000002  1.0000000000000002  1.0000000000000002  1.000000000000001
-190.625  1.0  1.0000000000000002  1.0000000000000002  1.0000000000000002  1.000000000000001
-187.5  1.0  1.000000000000001  1.0000000000000009  0.9999999999999988  1.0
-184.375  1.0  1.0  0.9999999999999998  1.0  0.9999999999999984
-181.25  1.0  1.0000000000000004  0.9999999999999999  0.9999999999999999  1.0000000000000004
-178.125  1.0  1.0000000000000002  1.0  0.9999999999999996  1.0
-175.0  1.0  1.0000000000000007  1.0000000000000013  0.999999999999999  1.0000000000000009
-171.875  1.0  0.9999999999999992  1.0000000000000007  0.9999999999999986  0.9999999999999997
-168.75  1.0  0.9999999999999993  0.9999999999999981  0.9999999999999991  0.9999999999999998
-165.625  1.0  0.9999999999999993  0.9999999999999988  1.0000000000000016  1.0000000000000004
-162.5  1.0  1.0000000000000004  1.0000000000000016  1.000000000000001  1.0000000000000004
-159.375  1.0  1.0000000000000002  0.9999999999999987  1.0000000000000018  1.0000000000000007
-156.25  1.0  1.0000000000000009  1.0000000000000013  1.0000000000000073  1.000000000000005
-153.125  1.0  1.0000000000000007  1.0000000000000029  1.0000000000000056  1.0000000000000056
-150.0  1.0  1.0000000000000004  1.000000000000005  1.000000000000004  1.0000000000000073
-146.875  1.0  1.0000000000000009  1.0000000000000013  0.9999999999999981  0.9999999999999987
-143.75  1.0  0.9999999999999992  1.0000000000000024  1.000000000000006  1.000000000000008
-140.625  1.0  1.0000000000000002  1.0000000000000004  0.9999999999999895  0.9999999999999933
-137.5  1.0  0.9999999999999991  1.0000000000000013  1.0000000000000162  1.0000000000000193
-134.375  1.0  0.9999999999999996  1.000000000000008  0.9999999999999696  0.9999999999999731
-131.25  1.0  1.0000000000000029  0.9999999999999908  1.0000000000000495  1.000000000000058
-128.125  1.0  0.9999999999999971  1.0000000000000313  0.9999999999999063  0.9999999999999071
-125.0  1.0  1.0000000000000064  0.999999999999941  1.0000000000001679  1.000000000000164
-121.875  1.0  0.9999999999999843  1.0000000000000961  0.9999999999997072  0.9999999999996996
-118.75  1.0  1.0000000000000335  0.9999999999998596  1.0000000000005298  1.0000000000005165
-115.625  1.0  0.9999999999999314  1.0000000000001497  0.999999999999066  0.9999999999990653
-112.5  1.0  1.0000000000001237  0.9999999999999801  1.000000000001653  1.0000000000016367
-109.375  1.0  0.999999999999804  0.9999999999995896  0.9999999999970736  0.9999999999970848
-106.25  1.0  1.0000000000002036  1.0000000000015006  1.0000000000051728  1.0000000000051557
-103.125  1.0  1.0000000000001166  0.999999999996057  0.9999999999908624  0.9999999999908543
-100.0  1.0  0.9999999999984625  1.0000000000090634  1.0000000000161515  1.0000000000161875
-96.875  1.0  1.0000000000058662  0.9999999999806275  0.9999999999714021  0.9999999999712983
-93.75  1.0  0.9999999999831346  1.0000000000395526  1.0000000000507636  1.0000000000508404
-90.625  1.0  1.0000000000411302  0.9999999999220025  0.9999999999097909  0.999999999909912
-87.5  1.0  0.9999999999122723  1.0000000001490321  1.0000000001603513  1.0000000001596214
-84.375  1.0  1.000000000163395  0.999999999723249  0.999999999715352  0.9999999997171563
-81.25  1.0  0.9999999997424857  1.0000000005013217  1.0000000005042284  1.000000000501194
-78.125  1.0  1.0000000003104996  0.9999999991086539  0.9999999991087714  0.9999999991119028
-75.0  1.0  0.9999999998327149  1.000000001567443  1.0000000015733632  1.0000000015736485
-71.875  1.0  0.9999999995456722  0.9999999972544502  0.9999999972215569  0.9999999972116619
-68.75  1.0  1.000000001894041  1.000000004813719  1.000000004915506  1.0000000049406252
-65.625  1.0  0.9999999957733996  0.9999999915330151  0.9999999912809577  0.999999991245607
-62.5  1.0  1.0000000065459622  1.0000000149536743  1.0000000155007935  1.000000015512991
-59.375  1.0  0.9999999940442468  0.9999999734574115  0.9999999724171176  0.9999999725079296
-56.25  1.000000000000003  0.9999999969160873  1.0000000474054065  1.0000000490413734  1.0000000487287724
-53.125  1.0000000000000993  1.000000027890544  0.9999999147979401  0.999999912998411  0.9999999136103772
-50.0  1.000000000002637  0.9999999256820914  1.0000001537314127  1.000000153946009  1.000000153199955
-46.875  1.0000000000578364  1.000000143732032  0.9999997229525062  0.9999997280835642  0.9999997282489208
-43.75  1.0000000010477261  0.9999997623535302  1.0000004957856803  1.000000480446477  1.0000004823296167
-40.625  1.0000000156848519  1.0000003826750299  0.999999121735894  0.9999991480259017  0.9999991423064418
-37.5  1.0000001941627086  0.9999993954146769  1.0000015435428076  1.0000015208373791  1.0000015306150045
-34.375  1.0000019889555534  1.0000009092470186  0.9999973030388492  0.9999972766520625  0.9999972680568354
-31.25  1.0000168751777119  0.9999989036913365  1.0000047033455468  1.0000048693491586  1.000004861187469
-28.125  1.0001187177776865  1.000002061610058  0.9999916374135005  0.9999912095659568  0.9999912614143629
-25.0  1.0006934678265231  1.0000024571936716  1.0000165235885454  1.0000172131275138  1.0000170924056315
-21.875  1.003369291542585  0.9999873021517659  0.9999665563571958  0.9999659487557727  0.9999661268061915
-18.75  1.0136467130642937  1.0000505349036146  1.0000604500014938  1.0000602226144002  1.0000600772568229
-15.625  1.0462134629711826  1.0001219549183222  0.9999496884753197  0.9999514706383795  0.9999513857824168
-12.5  1.1313551808379418  1.0002943101919446  1.00032292269443  1.0003157711973265  1.0003166093805211
-9.375  1.3150109484587191  0.9990172931172381  0.9983992363884142  0.9984073690273045  0.9984058581662252
-6.25  1.6418857847702513  1.0168628396304393  1.0138913092492792  1.0138493921740537  1.0138564652380277
-3.125  2.1219424289009714  1.1407072435007382  1.1318170226229407  1.1312522645056549  1.1313716338358466
0.0  2.703703705407409  1.9007647044271616  1.863516773085626  1.8624279483380395  1.8628985567577514
3.125  3.2854649785064387  3.61387143162241  3.629600656663073  3.634763205761667  3.6351688077807296
6.25  3.765521622637159  4.081024810156093  4.12811735456757  4.1127943269935265  4.113366061329491
9.375  4.0923964589486905  4.366748535221081  4.386937211553028  4.39375320612026  4.39179065465414
12.5  4.276052226569469  4.419665933118769  4.404281053472622  4.41292289978476  4.412124165878795
15.625  4.361193944436227  4.419990735673183  4.410172126109464  4.405888591701429  4.407223562182748
18.75  4.393760694343117  4.411210241165727  4.413812368457553  4.4045947701530235  4.4057360749250485
21.875  4.404038115864825  4.425498083550457  4.406786105182379  4.4081770048237185  4.407176415854006
25.0  4.406713939580887  4.481436729382124  4.39947641975923  4.409177069508807  4.40756382215453
28.125  4.407288689629723  4.569974981101766  4.406396704800144  4.407098595751315  4.407357878883575
31.25  4.407390532229698  4.656480947146184  4.420489615501783  4.405802778523173  4.407334661123427
34.375  4.407405418451857  4.700898355546641  4.421971598688695  4.407281480725722  4.407391006101276
37.5  4.407407213244701  4.683698460112459  4.405879948009328  4.409096859187998  4.407381806690473
40.625  4.407407391722557  4.620748921180798  4.389016299995088  4.408352923769946  4.4073514438203585
43.75  4.407407406359685  4.544036505659489  4.38873955239783  4.406318097191622  4.40735860866812
46.875  4.407407407349574  4.479510457876713  4.403265835339212  4.406405863463672  4.407387397235271
50.0  4.407407407404774  4.438224882441859  4.416119811766438  4.408666116364732  4.407390527948057
53.125  4.407407407407311  4.4177898456744185  4.417240850681505  4.4096128157681465  4.407364815285213
56.25  4.4074074074074066  4.410110328471694  4.416182897746877  4.407718279636031  4.407353398790566
59.375  4.40740740740741  4.408049669344719  4.43436482043253  4.40584857135328  4.407375507067471
62.5  4.40740740740741  4.40767525565769  4.485889223822902  4.406722800707956  4.407395663337705
65.625  4.40740740740741  4.407573594267617  4.563245418525971  4.408558496648311  4.407381819272605
68.75  4.40740740740741  4.407484334977486  4.6402710364755375  4.4079191686377674  4.4073575640692395
71.875  4.40740740740741  4.407426390422762  4.685497104727673  4.405606029181679  4.407363316051394
75.0  4.40740740740741  4.407406793418192  4.679186044583722  4.40630005707927  4.4073902837635925
78.125  4.40740740740741  4.4074057906510635  4.627582725795597  4.411625794196306  4.407395113173222
81.25  4.40740740740741  4.40740759779227  4.555761099081804  4.416324017496445  4.40737084748247
84.375  4.40740740740741  4.407407930578814  4.489382939331216  4.413713467520602  4.407358069344291
87.5  4.40740740740741  4.407407579372323  4.443330420190232  4.404201142310124  4.4073784009243715
90.625  4.40740740740741  4.407407380884583  4.419090767073392  4.395860460874528  4.407399347449004
93.75  4.40740740740741  4.407407376325133  4.409852613665279  4.395871903507581  4.4073876715491345
96.875  4.40740740740741  4.407407405484792  4.407732124030608  4.4029670383467945  4.407363669389334
100.0  4.40740740740741  4.407407412287605  4.407685193346342  4.40981165502854  4.407367754607351
103.125  4.40740740740741  4.407407408829663  4.4077406625040405  4.412871239778081  4.407394404710936
106.25  4.40740740740741  4.407407406959383  4.407614537908954  4.418952484429549  4.407401495641866
109.375  4.40740740740741  4.4074074071142295  4.407471635402397  4.441297828623  4.4073793689139125
112.5  4.40740740740741  4.407407407424009  4.407404827557479  4.4885642591391255  4.407366502886604
115.625  4.40740740740741  4.407407407453279  4.407396357941747  4.55568527569182  4.407386471636552
118.75  4.40740740740741  4.407407407412269  4.407404512842738  4.624011493977582  4.407409610267919
121.875  4.40740740740741  4.407407407401709  4.407409102180791  4.668991224956566  4.407401939962449
125.0  4.40740740740741  4.40740740740596  4.407408946250978  4.671946614534474  4.407380879434613
128.125  4.40740740740741  4.407407407407994  4.407407734897829  4.632381152782466  4.4073866376403465
131.25  4.40740740740741  4.407407407407672  4.407407224704854  4.568029867929749  4.407416530606901
134.375  4.40740740740741  4.407407407407365  4.40740727178478  4.502093325549301  4.407429813716809
137.5  4.40740740740741  4.40740740740737  4.407407397054485  4.451641108086326  4.407414093181811
140.625  4.40740740740741  4.40740740740741  4.40740743285369  4.422301951973595  4.4074049118680225
143.75  4.40740740740741  4.407407407407414  4.407407418710616  4.410004644196867  4.407430288305937
146.875  4.40740740740741  4.40740740740741  4.407407406025112  4.407089574268432  4.407473692057382
150.0  4.40740740740741  4.40740740740741  4.407407404646276  4.407381749330723  4.407505679918476
153.125  4.40740740740741  4.40740740740741  4.40740740681809  4.407855123596436  4.407506943861841
156.25  4.40740740740741  4.40740740740741  4.407407407784452  4.407842353615634  4.407444047765369
159.375  4.40740740740741  4.40740740740741  4.407407407636351  4.407606695325157  4.407281534027869
162.5  4.40740740740741  4.40740740740741  4.407407407398345  4.407430181716397  4.407101135625748
165.625  4.40740740740741  4.40740740740741  4.407407407360364  4.407376364181971  4.407107232846815
168.75  4.40740740740741  4.40740740740741  4.407407407396727  4.407387681944746  4.407431704871249
171.875  4.40740740740741  4.40740740740741  4.407407407413645  4.407406140702638  4.4078892084241765
175.0  4.40740740740741  4.40740740740741  4.407407407410956  4.407412282025875  4.4080455659402125
178.125  4.40740740740741  4.40740740740741  4.407407407407094  4.407410379892394  4.407876634265513
181.25  4.40740740740741  4.40740740740741  4.407407407406689  4.407407710605955  4.407347751566994
184.375  4.40740740740741  4.40740740740741  4.40740740740731  4.407406823729886  4.407147812100796
187.5  4.40740740740741  4.40740740740741  4.407407407407518  4.407407064073076  4.406798549796908
190.625  4.40740740740741  4.40740740740741  4.407407407407441  4.407407399124468  4.406052502063702
193.75  4.40740740740741  4.40740740740741  4.407407407407441  4.407407399124468  4.406052502063702
196.875  4.40740740740741  4.40740740740741  4.407407407407441  4.407407399124468  4.406052502063702
200.0  4.40740740740741  4.40740740740741  4.407407407407441  4.407407399124468  4.406052502063702
