# x  eps0 v0 n0  epsF vF nF   (t=0 initial vs t=12.0 relaxed; nan=false)
-15.0  1.0 0.8 0.1  0.9999999999999999 0.8 0.1
-14.94140625  1.0 0.8 0.1  0.9999999999999999 0.8 0.1
-14.8828125  1.0 0.8 0.1  0.9999999999999999 0.8 0.1
-14.82421875  1.0 0.8 0.1  0.9999999999999999 0.8 0.1
-14.765625  1.0 0.8 0.1  0.9999999999999999 0.8 0.1
-14.70703125  1.0 0.8 0.1  0.9999999999999999 0.8 0.1
-14.6484375  1.0 0.8 0.1  0.9999999999999999 0.8 0.1
-14.58984375  1.0 0.8 0.1  0.9999999999999999 0.8 0.1
-14.53125  1.0 0.8 0.1  0.9999999999999999 0.8 0.1
-14.47265625  1.0 0.8 0.1  0.9999999999999999 0.8 0.1
-14.4140625  1.0 0.8 0.1  0.9999999999999999 0.8 0.1
-14.35546875  1.0 0.8 0.1  0.9999999999999999 0.8 0.1
-14.296875  1.0 0.8 0.1  0.9999999999999999 0.8 0.1
-14.23828125  1.0 0.8 0.1  0.9999999999999999 0.8 0.1
-14.1796875  1.0 0.8 0.1  0.9999999999999999 0.8 0.1
-14.12109375  1.0 0.8 0.1  0.9999999999999999 0.8 0.1
-14.0625  1.0 0.8 0.1  0.9999999999999999 0.8 0.1
-14.00390625  1.0 0.8 0.1  0.9999999999999999 0.8 0.1
-13.9453125  1.0 0.8 0.1  0.9999999999999999 0.8 0.1
-13.88671875  1.0 0.8 0.1  0.9999999999999999 0.8 0.1
-13.828125  1.0 0.8 0.1  0.9999999999999999 0.8 0.1
-13.76953125  1.0 0.8 0.1  0.9999999999999999 0.8 0.1
-13.7109375  1.0 0.8 0.1  0.9999999999999999 0.8 0.1
-13.65234375  1.0 0.8 0.1  0.9999999999999999 0.8 0.1
-13.59375  1.0 0.8 0.1  0.9999999999999999 0.8 0.1
-13.53515625  1.0 0.8 0.1  0.9999999999999999 0.8 0.1
-13.4765625  1.0 0.8 0.1  0.9999999999999999 0.8 0.1
-13.41796875  1.0 0.8 0.1  0.9999999999999999 0.8 0.1
-13.359375  1.0 0.8 0.1  0.9999999999999999 0.8 0.1
-13.30078125  1.0 0.8 0.1  0.9999999999999999 0.8 0.1
-13.2421875  1.0 0.8 0.1  0.9999999999999999 0.8 0.1
-13.18359375  1.0 0.8 0.1  0.9999999999999999 0.8 0.1
-13.125  1.0 0.8 0.1  0.9999999999999999 0.8 0.1
-13.06640625  1.0 0.8 0.1  0.9999999999999999 0.8 0.1
-13.0078125  1.0 0.8 0.1  0.9999999999999999 0.8 0.1
-12.94921875  1.0 0.8 0.1  0.9999999999999999 0.8 0.1
-12.890625  1.0 0.8 0.1  0.9999999999999999 0.8 0.1
-12.83203125  1.0 0.8 0.1  0.9999999999999999 0.8 0.1
-12.7734375  1.0 0.8 0.1  0.9999999999999999 0.8 0.1
-12.71484375  1.0 0.8 0.1  0.9999999999999999 0.8 0.1
-12.65625  1.0 0.8 0.1  0.9999999999999999 0.8 0.1
-12.59765625  1.0 0.8 0.1  0.9999999999999999 0.8 0.1
-12.5390625  1.0 0.8 0.1  0.9999999999999999 0.8 0.1
-12.48046875  1.0 0.8 0.1  0.9999999999999999 0.8 0.1
-12.421875  1.0 0.8 0.1  0.9999999999999999 0.8 0.1
-12.36328125  1.0 0.8 0.1  0.9999999999999999 0.8 0.1
-12.3046875  1.0 0.8 0.1  0.9999999999999999 0.8 0.1
-12.24609375  1.0 0.8 0.1  0.9999999999999999 0.8 0.1
-12.1875  1.0 0.8 0.1  0.9999999999999997 0.8 0.1
-12.12890625  1.0 0.8 0.1  0.9999999999999997 0.8 0.1
-12.0703125  1.0 0.8 0.1  0.9999999999999994 0.8 0.1
-12.01171875  1.0 0.8 0.1  0.999999999999999 0.8 0.1
-11.953125  1.0 0.8 0.1  0.9999999999999996 0.8 0.1
-11.89453125  1.0 0.8 0.1  0.9999999999999974 0.8 0.10000000000000002
-11.8359375  1.0000000000000002 0.8 0.1  1.000000000000002 0.8000000000000004 0.09999999999999996
-11.77734375  1.0000000000000002 0.8 0.1  0.9999999999999948 0.7999999999999996 0.10000000000000007
-11.71875  1.0000000000000002 0.8 0.1  1.000000000000005 0.800000000000001 0.09999999999999984
-11.66015625  1.0000000000000004 0.8 0.10000000000000003  0.9999999999999916 0.799999999999999 0.10000000000000013
-11.6015625  1.0000000000000004 0.8 0.10000000000000003  1.0000000000000087 0.8000000000000017 0.09999999999999971
-11.54296875  1.0000000000000007 0.8 0.10000000000000006  0.9999999999999875 0.7999999999999979 0.10000000000000038
-11.484375  1.0000000000000007 0.8 0.10000000000000006  1.0000000000000187 0.8000000000000027 0.09999999999999962
-11.42578125  1.000000000000001 0.8 0.10000000000000006  0.9999999999999771 0.7999999999999964 0.10000000000000067
-11.3671875  1.0000000000000016 0.7999999999999998 0.10000000000000009  1.0000000000000309 0.8000000000000042 0.09999999999999934
-11.30859375  1.0000000000000022 0.7999999999999998 0.10000000000000014  0.9999999999999657 0.7999999999999945 0.10000000000000102
-11.25  1.000000000000003 0.7999999999999998 0.10000000000000017  1.000000000000047 0.8000000000000064 0.09999999999999896
-11.19140625  1.0000000000000044 0.7999999999999996 0.10000000000000026  0.9999999999999455 0.7999999999999914 0.10000000000000164
-11.1328125  1.0000000000000062 0.7999999999999994 0.10000000000000034  1.00000000000007 0.8000000000000097 0.09999999999999827
-11.07421875  1.0000000000000084 0.7999999999999992 0.10000000000000048  0.999999999999925 0.7999999999999876 0.10000000000000245
-11.015625  1.0000000000000115 0.7999999999999987 0.10000000000000064  1.0000000000000977 0.8000000000000135 0.09999999999999765
-10.95703125  1.0000000000000162 0.7999999999999983 0.1000000000000009  0.9999999999998959 0.799999999999983 0.10000000000000334
-10.8984375  1.0000000000000224 0.7999999999999975 0.10000000000000128  1.0000000000001292 0.8000000000000187 0.0999999999999966
-10.83984375  1.000000000000031 0.7999999999999965 0.10000000000000175  0.9999999999998633 0.7999999999999776 0.10000000000000446
-10.78125  1.0000000000000429 0.7999999999999953 0.10000000000000239  1.0000000000001625 0.8000000000000237 0.0999999999999956
-10.72265625  1.000000000000059 0.7999999999999934 0.10000000000000331  0.9999999999998318 0.7999999999999717 0.10000000000000592
-10.6640625  1.000000000000081 0.7999999999999909 0.10000000000000456  1.0000000000001972 0.8000000000000286 0.09999999999999447
-10.60546875  1.0000000000001112 0.7999999999999876 0.10000000000000625  0.9999999999998089 0.799999999999967 0.10000000000000733
-10.546875  1.0000000000001525 0.799999999999983 0.10000000000000858  1.0000000000002174 0.8000000000000318 0.09999999999999347
-10.48828125  1.0000000000002087 0.7999999999999768 0.10000000000001169  0.9999999999998003 0.7999999999999646 0.10000000000000818
-10.4296875  1.000000000000285 0.7999999999999682 0.10000000000001599  1.000000000000215 0.8000000000000322 0.09999999999999303
-10.37109375  1.0000000000003886 0.7999999999999564 0.1000000000000218  0.999999999999822 0.7999999999999663 0.10000000000000864
-10.3125  1.000000000000529 0.7999999999999408 0.10000000000002968  1.0000000000001772 0.8000000000000267 0.09999999999999358
-10.25390625  1.0000000000007188 0.7999999999999193 0.1000000000000403  0.9999999999998905 0.799999999999975 0.10000000000000789
-10.1953125  1.000000000000975 0.7999999999998907 0.10000000000005471  1.00000000000008 0.800000000000013 0.09999999999999541
-10.13671875  1.0000000000013203 0.7999999999998519 0.10000000000007406  1.000000000000025 0.7999999999999938 0.10000000000000506
-10.078125  1.000000000001785 0.7999999999997999 0.10000000000010012  0.9999999999999031 0.7999999999999878 0.0999999999999995
-10.01953125  1.0000000000024092 0.7999999999997298 0.10000000000013515  1.0000000000002478 0.8000000000000259 0.09999999999999985
-9.9609375  1.0000000000032463 0.799999999999636 0.10000000000018208  0.9999999999996307 0.799999999999947 0.10000000000000676
-9.90234375  1.0000000000043667 0.7999999999995102 0.10000000000024495  1.0000000000005826 0.8000000000000744 0.09999999999999143
-9.84375  1.000000000005864 0.7999999999993425 0.10000000000032891  0.9999999999992399 0.7999999999998885 0.10000000000001767
-9.78515625  1.0000000000078615 0.7999999999991183 0.10000000000044096  1.0000000000010398 0.8000000000001427 0.09999999999997886
-9.7265625  1.0000000000105214 0.7999999999988201 0.10000000000059017  0.9999999999987211 0.7999999999998093 0.10000000000003291
-9.66796875  1.000000000014058 0.7999999999984233 0.10000000000078854  1.0000000000016238 0.8000000000002324 0.09999999999996129
-9.609375  1.0000000000187519 0.799999999997897 0.10000000000105183  0.9999999999980724 0.7999999999997099 0.10000000000005238
-9.55078125  1.0000000000249707 0.7999999999971994 0.10000000000140066  1.0000000000023248 0.800000000000342 0.09999999999993886
-9.4921875  1.0000000000331961 0.799999999996277 0.10000000000186204  0.9999999999973203 0.799999999999592 0.1000000000000769
-9.43359375  1.0000000000440568 0.7999999999950589 0.10000000000247122  1.0000000000031148 0.8000000000004662 0.09999999999991288
-9.375  1.0000000000583726 0.7999999999934533 0.10000000000327425  0.9999999999965125 0.7999999999994621 0.10000000000010544
-9.31640625  1.0000000000772102 0.7999999999913405 0.10000000000433087  1.0000000000039253 0.800000000000597 0.09999999999988407
-9.2578125  1.0000000001019558 0.7999999999885651 0.1000000000057189  0.9999999999957367 0.7999999999993325 0.10000000000013556
-9.19921875  1.0000000001344058 0.7999999999849258 0.10000000000753909  1.0000000000046458 0.8000000000007198 0.09999999999985452
-9.140625  1.0000000001768872 0.7999999999801612 0.10000000000992193  0.9999999999951127 0.7999999999992217 0.10000000000016396
-9.08203125  1.0000000002324048 0.7999999999739348 0.10000000001303602  1.000000000005135 0.800000000000811 0.09999999999982898
-9.0234375  1.0000000003048346 0.7999999999658114 0.10000000001709874  0.9999999999948235 0.7999999999991562 0.10000000000018629
-8.96484375  1.0000000003991676 0.7999999999552315 0.10000000002239007  1.0000000000051856 0.8000000000008404 0.099999999999813
-8.90625  1.000000000521816 0.7999999999414761 0.10000000002926965  0.9999999999950876 0.7999999999991702 0.10000000000019522
-8.84765625  1.0000000006810061 0.799999999923622 0.10000000003819892  1.0000000000045464 0.8000000000007703 0.09999999999981406
-8.7890625  1.0000000008872718 0.7999999999004883 0.10000000004976875  0.9999999999961833 0.7999999999993064 0.10000000000018232
-8.73046875  1.0000000011540753 0.7999999998705651 0.10000000006473428  1.0000000000029283 0.8000000000005544 0.0999999999998416
-8.671875  1.0000000014985935 0.7999999998319258 0.10000000008405893  0.9999999999984133 0.7999999999996126 0.10000000000013756
-8.61328125  1.0000000019427007 0.799999999782117 0.10000000010896976  1.0000000000000218 0.8000000000001433 0.09999999999990694
-8.5546875  1.0000000025142042 0.7999999997180203 0.10000000014102647  1.0000000000020863 0.8000000000001384 0.10000000000004985
-8.49609375  1.0000000032483887 0.7999999996356779 0.10000000018220825  0.9999999999955382 0.7999999999994876 0.1000000000000212
-8.4375  1.000000004189946 0.7999999995300779 0.10000000023502198  1.0000000000074665 0.8000000000009291 0.09999999999990809
-8.37890625  1.0000000053953808 0.7999999993948828 0.10000000030263712  0.9999999999892529 0.7999999999985475 0.10000000000019542
-8.3203125  1.0000000069360022 0.7999999992220947 0.10000000038905346  1.0000000000147227 0.8000000000020161 0.09999999999970303
-8.26171875  1.0000000089016396 0.7999999990016393 0.10000000049930977  0.9999999999810887 0.7999999999973022 0.10000000000043696
-8.203125  1.0000000114052474 0.7999999987208479 0.10000000063974185  1.0000000000238398 0.8000000000034053 0.09999999999942949
-8.14453125  1.000000014588597 0.7999999983638204 0.10000000081830196  0.9999999999711858 0.7999999999957608 0.10000000000074856
-8.0859375  1.0000000186293079 0.7999999979106357 0.10000000104495305  1.0000000000345397 0.8000000000050643 0.09999999999908972
-8.02734375  1.0000000237495024 0.7999999973363818 0.10000000133215442  0.9999999999600017 0.7999999999939787 0.100000000001125
-7.96875  1.0000000302264518 0.7999999966099615 0.10000000169545872  1.0000000000462044 0.8000000000069053 0.09999999999869603
-7.91015625  1.0000000384056327 0.799999995692628 0.10000000215424443  0.9999999999483861 0.7999999999920716 0.1000000000015479
-7.8515625  1.0000000487167193 0.7999999945361912 0.10000000273261275  1.0000000000577685 0.8000000000087761 0.09999999999827391
-7.79296875  1.0000000616931237 0.7999999930808265 0.10000000346048374  0.999999999937675 0.7999999999902248 0.10000000000198675
-7.734375  1.0000000779958258 0.7999999912524018 0.10000000437493306  1.0000000000676916 0.8000000000104426 0.09999999999786688
-7.67578125  1.0000000984423798 0.7999999889592248 0.10000000552181887  0.9999999999297223 0.7999999999887044 0.10000000000239243
-7.6171875  1.0000001240421437 0.7999999860880911 0.10000000695775793  1.0000000000739173 0.8000000000115859 0.09999999999753617
-7.55859375  1.0000001560389833 0.7999999824994952 0.10000000875252105  0.9999999999269144 0.7999999999878589 0.10000000000269889
-7.5  1.0000001959629345 0.7999999780218366 0.10000001099193082  1.0000000000739249 0.8000000000118013 0.09999999999736535
-7.44140625  1.0000002456925663 0.7999999724444248 0.1000000137813597  0.9999999999321194 0.7999999999881079 0.10000000000282318
-7.3828125  1.0000003075301147 0.7999999655090535 0.1000000172499445  1.000000000064833 0.800000000010609 0.09999999999745662
-7.32421875  1.0000003842918137 0.7999999568998684 0.10000002155565307  0.9999999999485231 0.7999999999899207 0.10000000000266852
-7.265625  1.00000047941627 0.799999946231214 0.10000002689136334  1.0000000000436606 0.8000000000074838 0.09999999999793027
-7.20703125  1.0000005970942167 0.7999999330330796 0.10000003349214145  0.9999999999793899 0.7999999999937708 0.10000000000213424
-7.1484375  1.0000007424235449 0.7999999167337131 0.10000004164393772  1.0000000000076892 0.8000000000018979 0.099999999998916
-7.08984375  1.0000009215941381 0.7999998966388894 0.10000005169395443  1.0000000000276574 0.8000000000000739 0.10000000000112534
-7.03125  1.0000011421077883 0.7999998719072481 0.1000000640629812  0.999999999954964 0.7999999999933864 0.10000000000054168
-6.97265625  1.0000014130392894 0.7999998415210079 0.1000000792600404  1.0000000000954758 0.8000000000090964 0.09999999999957514
-6.9140625  1.0000017453457624 0.7999998042512764 0.1000000978997376  0.999999999884953 0.7999999999816226 0.1000000000029231
-6.85546875  1.0000021522323457 0.7999997586170353 0.10000012072277392  1.0000000001836757 0.8000000000208516 0.09999999999746864
-6.796875  1.0000026495835839 0.7999997028367583 0.10000014862014348  0.9999999997992428 0.799999999966497 0.10000000000614594
-6.73828125  1.0000032564712336 0.7999996347714584 0.10000018266161703  1.0000000002912834 0.8000000000349828 0.09999999999487273
-6.6796875  1.000003995750715 0.7999995518577926 0.10000022412919832  0.9999999997022591 0.799999999948187 0.100000000010257
-6.62109375  1.0000048947601665 0.7999994510296609 0.100000274556335  1.0000000004151748 0.8000000000506483 0.09999999999196978
-6.5625  1.0000059861379527 0.799999328626517 0.10000033577377468  0.999999999601909 0.7999999999272042 0.10000000001525655
-6.50390625  1.0000073087765855 0.799999180286383 0.10000040996307163  1.0000000005499625 0.8000000000664056 0.09999999998909345
-6.4453125  1.0000089089333573 0.7999990008212865 0.10000049971888475  0.9999999995101948 0.7999999999043947 0.10000000002110515
-6.38671875  1.0000108415205349 0.7999987840725589 0.10000060812134665  1.0000000006881973 0.8000000000801025 0.09999999998676815
-6.328125  1.0000131716007783 0.7999985227431171 0.10000073881994481  0.9999999994437779 0.799999999880896 0.100000000027746
-6.26953125  1.000015976116498 0.7999982082035088 0.10000089613052413  1.0000000008209144 0.8000000000887586 0.09999999998575768
-6.2109375  1.0000193458851838 0.7999978302681258 0.10000108514720904  0.9999999994245955 0.7999999998580247 0.10000000003514878
-6.15234375  1.0000233878963152 0.7999973769375957 0.10000131187124142  1.0000000009386654 0.800000000088438 0.09999999998712437
-6.09375  1.0000282279493025 0.7999968341029234 0.10000158335894752  0.9999999994805798 0.7999999998370727 0.10000000004338282
-6.03515625  1.0000340136760086 0.799996185206503 0.10000190789127714  1.0000000010331875 0.8000000000740934 0.09999999999231121
-5.9765625  1.0000409179957461 0.7999954108546208 0.1000022951676009  0.9999999996465284 0.7999999998189746 0.10000000005273338
-5.91796875  1.0000491430552232 0.7999944883755745 0.10000275652670909  1.0000000011000705 0.8000000000393805 0.10000000000325115
-5.859375  1.000058924710706 0.799993391316976 0.10000330519822484  0.9999999999651569 0.7999999998037747 0.10000000006387945
-5.80078125  1.0000705376146235 0.7999920888752661 0.10000395658792116  1.0000000011428425 0.7999999999764237 0.10000000002251776
-5.7421875  1.0000843009739604 0.7999905452498819 0.10000472860072027  1.0000000004884644 0.7999999997898298 0.10000000007816112
-5.68359375  1.0001005850529676 0.799988718913949 0.10000564200544271  1.000000001178995 0.7999999998754983 0.1000000000535351
-5.625  1.0001198184979514 0.7999865617927713 0.10000672084566875  1.0000000012797294 0.7999999997726533 0.10000000009797363
-5.56640625  1.0001424965670813 0.799984018340819 0.10000799290136375  1.0000000012484005 0.7999999997245429 0.10000000010088103
-5.5078125  1.0001691903532042 0.7999810245073478 0.10000949020620331  1.0000000024169005 0.7999999997433166 0.10000000012733326
-5.44921875  1.0002005570924735 0.7999775065802365 0.10001124962580346  1.000000001424696 0.799999999508352 0.10000000017073774
-5.390625  1.0002373516560803 0.7999733798971358 0.10001331350231402  1.0000000039985362 0.7999999996863032 0.10000000017266385
-5.33203125  1.0002804393263796 0.7999685474125663 0.10001573037105516  1.000000001830119 0.7999999992072322 0.10000000027156271
-5.2734375  1.0003308099620978 0.7999628981092233 0.10001855575507085  1.0000000061539087 0.7999999995766827 0.10000000024387884
-5.21484375  1.0003895936599336 0.7999563052414551 0.10002185304361766  1.0000000026548694 0.7999999987948224 0.1000000004151077
-5.15625  1.0004580780215326 0.7999486243986901 0.10002569446070184  1.0000000090593664 0.7999999993763792 0.10000000035586502
-5.09765625  1.0005377271353786 0.7999396913765294 0.10003016212980939  1.0000000041824697 0.7999999982347051 0.10000000061792291
-5.0390625  1.0006302023823515 0.7999293198433054 0.10003534924092922  1.0000000129634585 0.799999999029206 0.10000000053050842
-4.98046875  1.000737385171389 0.7999172987901702 0.10004136132583921  1.0000000068237165 0.7999999974753272 0.10000000090355683
-4.921875  1.0008614017076076 0.7999033897532353 0.1000483176473968  1.0000000182240416 0.799999998454147 0.10000000079949366
-4.86328125  1.001004649889179 0.7998873237969595 0.10005635270823574  1.000000011162939 0.7999999964426029 0.1000000013057182
-4.8046875  1.0011698284209767 0.7998687982489181 0.1000656178838053  1.0000000253615713 0.799999997536181 0.1000000012081663
-4.74609375  1.0013599682222905 0.799847473177279 0.10007628318408834  1.000000018021601 0.7999999950293788 0.10000000187274649
-4.6875  1.0015784661925053 0.799822967603824 0.10008853914758195  1.0000000351343281 0.7999999961136558 0.10000000182089103
-4.62890625  1.00182912138238 0.7997948554471696 0.10010259887021261  1.0000000285462392 0.799999993080594 0.10000000267389784
-4.5703125  1.0021161735991782 0.7997626611930204 0.10011870017077101  1.0000000486436205 0.7999999939608984 0.10000000272847398
-4.51171875  1.0024443444512825 0.7997258552908231 0.10013710789318186  1.0000000443297368 0.7999999903725855 0.10000000380809672
-4.453125  1.0028188808118583 0.799683849279112 0.10015811634446278  1.0000000674799352 0.7999999907643155 0.10000000405840989
-4.39453125  1.003245600651534 0.7996359906451596 0.10018205186556584  1.00000006757801 0.7999999865843938 0.10000000541606126
-4.3359375  1.0037309411568407 0.799581557428266 0.10020927553043169  1.0000000939250044 0.7999999860896527 0.10000000598898086
-4.27734375  1.0042820090142652 0.7995197525801682 0.10024018596651696  1.000000101338189 0.7999999812582043 0.10000000769701944
-4.21875  1.00490663269927 0.7994496981005792 0.10027522228778399  1.0000001312296833 0.7999999793372856 0.10000000876857218
-4.16015625  1.0056134165655657 0.7993704289708233 0.10031486712867044  1.0000001498099043 0.7999999737451332 0.1000000109316369
-4.1015625  1.006411796482489 0.7992808869138426 0.10035964976489448  1.0000001839937425 0.7999999696813594 0.10000001274202831
-4.04296875  1.007312096717744 0.7991799140145293 0.1004101493041154  1.000000218768894 0.7999999631313899 0.10000001551330237
-3.984375  1.0083255877093424 0.7990662462403335 0.10046699792647054  1.0000002586817078 0.799999955987153 0.10000001838648971
-3.92578125  1.0094645443147292 0.7989385069083481 0.10053088415187883  1.0000003161418882 0.7999999481383172 0.10000002199059466
-3.8671875  1.010742304067317 0.7987952001515661 0.10060255610775964  1.0000003643192446 0.7999999366992402 0.10000002635993128
-3.80859375  1.0121733249115386 0.7986347044436231 0.10068282476750096  1.000000452784179 0.7999999269878153 0.10000003112462162
-3.75  1.0137732418278136 0.798455266248041 0.10077256712666047  1.000000513428439 0.7999999096906879 0.10000003756664148
-3.69140625  1.0155589216992247 0.7982549938646726 0.10087272928054097  1.0000006435271875 0.799999897222042 0.1000000439660802
-3.6328125  1.017548515713179 0.7980318515526104 0.10098432936349877  1.0000007232781767 0.7999998720605538 0.1000000532451907
-3.57421875  1.0197615085347957 0.7977836540151584 0.1011084603071713  1.0000009085835464 0.7999998554629546 0.10000006195834697
-3.515625  1.0222187634353104 0.7975080613384707 0.10124629237181487  1.0000010175486544 0.7999998198631306 0.10000007508609869
-3.45703125  1.0249425625095328 0.7972025744809752 0.10139907540217763  1.0000012754233882 0.7999997970929771 0.100000087074793
-3.3984375  1.027956641072543 0.7968645314156207 0.10156814075687512  1.000001428538216 0.799999747747519 0.10000010538854756
-3.33984375  1.031286215288583 0.79649110403117 0.10175490285814703  1.0000017812684743 0.7999997158326284 0.10000012200091163
-3.28125  1.034958002055778 0.7960792959020315 0.10196086030722873  1.0000020000781282 0.7999996484799397 0.10000014726821908
-3.22265625  1.0390002301501835 0.7956259410384049 0.10218759650944181  1.0000024763929956 0.7999996031839336 0.1000001703749332
-3.1640625  1.0434426416229685 0.7951277037295787 0.1024367797525649  1.0000027913687266 0.7999995123133636 0.1000002049317763
-3.10546875  1.0483164824465263 0.7945810795930139 0.10271016268215613  1.0000034284731596 0.7999994476995562 0.10000023710449105
-3.046875  1.0536544814201505 0.793982397940171 0.10300958111833297  1.000003882011262 0.7999993261590156 0.10000028403791583
-2.98828125  1.0594908163746832 0.7933278255668174 0.1033369521601269  1.0000047282964124 0.7999992340262053 0.1000003287819181
-2.9296875  1.0658610667592072 0.7926133720706525 0.10369427152598168  1.000005378587436 0.7999990725014112 0.1000003921705772
-2.87109375  1.0728021517522244 0.7918348967924301 0.10408361008229255  1.0000064972298817 0.7999989416563037 0.10000045422714732
-2.8125  1.0803522531154874 0.7909881174682629 0.10450710951613187  1.0000074232388751 0.799998727981869 0.10000053945716052
-2.75390625  1.0885507221011577 0.7900686206704226 0.10496697711349617  1.0000088969631151 0.7999985433029015 0.10000062519546037
-2.6953125  1.0974379698324614 0.7890718741016632 0.10546547961055014  1.0000102048307047 0.799998261553437 0.10000073937416125
-2.63671875  1.1070553407044574 0.7879932407939201 0.10600493609243672  1.0000121421939556 0.7999980027873985 0.1000008572983291
-2.578125  1.117444968494587 0.7868279952461871 0.10658770992224653  1.0000139734619782 0.7999976320804127 0.10000100979537593
-2.51953125  1.1286496150317256 0.7855713415185412 0.10721619969166035  1.0000165171367894 0.7999972722946491 0.10000117120046836
-2.4609375  1.140712491446568 0.7842184332797496 0.10789282919454579  1.0000190593363554 0.7999967852137836 0.1000013743554978
-2.40234375  1.1536770622141024 0.7827643957848273 0.10862003643533014  1.0000223970353925 0.7999962887992782 0.10000159417742802
-2.34375  1.167586832399087 0.781204349736456 0.10940026169519743  1.0000258973786467 0.7999956493115358 0.10000186422769304
-2.28515625  1.1824851187259504 0.7795334369605702 0.1102359346909671  1.0000302763265714 0.7999949693889098 0.10000216214990533
-2.2265625  1.1984148053131753 0.7777468478018925 0.11112946087377479  1.0000350595739926 0.7999941300730649 0.10000252045389665
-2.16796875  1.2154180851365126 0.7758398501200487 0.11208320692725598  1.0000408058676449 0.7999932050799388 0.10000292236257513
-2.109375  1.2335361885125138 0.7738078197414142 0.11309948553767488  1.0000472980234842 0.7999921033842367 0.10000339703416943
-2.05078125  1.2528091001208632 0.7716462721963895 0.11418053952117316  1.000054843014261 0.7999908524873616 0.10000393696568066
-1.9921875  1.2732752663076063 0.7693508955467161 0.11532852540585559  1.0000636036021129 0.7999894055462324 0.10000456510480973
-1.93359375  1.2949712946282226 0.766917584083133 0.11654549657859381  1.0000735209883542 0.7999877222555953 0.10000528792906724
-1.875  1.317931647796059 0.7643424726504973 0.11783338611801683  1.0000852888843894 0.7999858194122202 0.10000611877727852
-1.81640625  1.3421883343944156 0.7616219713358751 0.11919398944596765  1.0000983494385838 0.7999835622175678 0.10000708406611031
-1.7578125  1.3677705988859024 0.7587528002354486 0.12062894693954365  1.0001141119954289 0.7999810535787424 0.10000818371576901
-1.69921875  1.3947046136071888 0.7557320239987518 0.12213972665450037  1.0001313699178422 0.7999780312098168 0.10000947168924575
-1.640625  1.4230131755674555 0.7525570858341473 0.12372760731810473  1.0001524756922948 0.7999747087309418 0.10001093063734708
-1.58203125  1.4527154109716554 0.7492258406479304 0.1253936617552871  1.0001754165558119 0.7999706548820625 0.10001265207683
-1.5234375  1.483826490462134 0.7457365869813187 0.1271387409160063  1.0002037762034197 0.7999662182829967 0.10001459842252645
-1.46484375  1.5163573581116903 0.742088097405153 0.12896345867395903  1.0002345935019197 0.7999607442318395 0.10001691273645996
-1.40625  1.5503144772055915 0.7382796470316382 0.13086817756701327  1.0002730702252913 0.7999547342020055 0.10001953733823046
-1.34765625  1.585699595817668 0.7343110398060848 0.1328529956479291  1.0003152251129284 0.7999472325861658 0.10002268837514385
-1.2890625  1.6225095351151442 0.7301826322495171 0.13491773460997714  1.0003684514351447 0.7999388902744209 0.10002629663248172
-1.23046875  1.6607360032176781 0.7258953543352549 0.13706192934594072  1.0004278803265225 0.7999283268909781 0.10003068876972929
-1.171875  1.70036543728805 0.7214507271991855 0.13928481909068477  1.000504064698204 0.7999162820329448 0.10003581378643207
-1.11328125  1.7413788763456108 0.7168508774043321 0.1415853402870219  1.0005919091294204 0.7999007241949124 0.10004218212438144
-1.0546875  1.7837518670701202 0.7120985475053954 0.14396212130207217  1.0007069923889218 0.7998822761359701 0.10004984287537216
-0.99609375  1.8274544046047263 0.7071971026879781 0.14641347910679026  1.0008459732604906 0.79985778992572 0.10005964781208349
-0.9375  1.8724509100750506 0.7021505332899253 0.14893741801496868  1.0010334513159205 0.7998272066971632 0.10007195569898893
-0.87890625  1.9187002462195688 0.6969634530483025 0.15153163055997523  1.0012730826902907 0.7997852232921486 0.10008832001368008
-0.8203125  1.9661557721784195 0.6916410929545751 0.15419350056796077  1.0016076388069082 0.7997296479583493 0.10010993202903037
-0.76171875  2.0147654381174425 0.6861892906420769 0.15692010846550009  1.0020610633705196 0.7996505873001272 0.100139901146947
-0.703125  2.0644719199763752 0.6806144752733678 0.1597082388378723  1.0027160575906287 0.799540084105138 0.10018154274424726
-0.64453125  2.115212794229601 0.674923647939995 0.16255439023172144  1.003649925557185 0.7993778125446639 0.1002415807207335
-0.5859375  2.1669207521400744 0.6691243576329089 0.16545478717296316  1.005037815100478 0.7991411001211969 0.10032861931122676
-0.52734375  2.2195238525776038 0.6632246728877054 0.16840539434783944  1.007091438051119 0.7987851453994327 0.10045795373170666
-0.46875  2.272945812067256 0.6572331492543355 0.17140193287228078  1.0102044177154823 0.7982510241114021 0.10065108519982358
-0.41015625  2.3271063303380766 0.6511587927852878 0.17443989855254866  1.0149158110415573 0.7974365444076171 0.1009435215317819
-0.3515625  2.3819214492623955 0.6450110197788586 0.17751458201881826  1.0221292909678468 0.79619740610452 0.10138707918690829
-0.29296875  2.43730394271715 0.6387996130543748 0.1806210905932359  1.0331390494777486 0.7943028275505765 0.10206283984720413
-0.234375  2.4931637345664646 0.6325346750734849 0.1837543717353507  1.049961987281138 0.7914261529140608 0.10308784087358867
-0.17578125  2.549408341664045 0.6262265782553584 0.18690923789095504  1.0754264384125432 0.7870870877012447 0.10463316386856598
-0.1171875  2.6059433385093698 0.6198859128633137 0.19008039255552706  1.1135503666278188 0.7806540412386413 0.10692899305399824
-0.05859375  2.6626728399673616 0.613523432865539 0.19326245735088807  1.1694221427310691 0.7713206449267381 0.11027401539879601
0.0  2.7195000017195 0.60714999980715 0.19645000009645  1.2492478428933458 0.7582104368162805 0.11501291477406186
0.05859375  2.7763271600326385 0.600776567134461 0.19963754264911193  1.359463019190397 0.7404888842213715 0.1215097924170357
0.1171875  2.83305666149063 0.5944140871366863 0.20281960744447297  1.5060730775094455 0.7176425150162661 0.13008365041431438
0.17578125  2.889591658335955 0.5880734217446416 0.205990762109045  1.692947808197662 0.6896398404265501 0.14097005585200253
0.234375  2.9458362654335355 0.5817653249265151 0.20914562826464933  1.921129581898204 0.6571072466874173 0.15427741345747584
0.29296875  3.00169605728285 0.5755003869456251 0.21227890940676408  2.187443569522002 0.6212688178596666 0.16995380642183214
0.3515625  3.0570785507376046 0.5692889802211416 0.21538541798118171  2.48428872775919 0.5839557001879715 0.18770070170204217
0.41015625  3.111893669661924 0.5631412072147124 0.21846010144745132  2.7982257493294926 0.5472793944242539 0.20690403174958102
0.46875  3.1660541879327444 0.5570668507456646 0.2214980671277192  3.1111378449665095 0.5135736864251016 0.22645446949757353
0.52734375  3.2194761474223963 0.5510753271122948 0.22449460565216056  3.401902465435445 0.4848855109939362 0.24480644427976875
0.5859375  3.2720792478599257 0.5451756423670913 0.22744521282703684  3.650467679773773 0.46256238585144 0.26034077149104445
0.64453125  3.323787205770399 0.5393763520600049 0.23034560976827856  3.8465388785844965 0.44676193272492215 0.2720593061530105
0.703125  3.3745280800236244 0.5336855247266321 0.2331917611621277  3.9913703351249676 0.43653987358652613 0.27995612189048974
0.76171875  3.424234561882557 0.5281107093579231 0.23597989153449994  4.094122964427621 0.4303694471289898 0.28480701498708366
0.8203125  3.4728442278215805 0.5226589070454251 0.23870649943203923  4.166241414409622 0.42676816853891514 0.28762668462129604
0.87890625  3.5202997537804315 0.5173365469516975 0.24136836944002477  4.217752906192715 0.42464054053260003 0.2892580332662788
0.9375  3.566549089924949 0.5121494667100748 0.24396258198503132  4.255783003187633 0.4233112158045311 0.29025266932541155
0.99609375  3.611545595395274 0.5071028973120218 0.24648652089320974  4.284909083215062 0.4224009545190873 0.29092737744616703
1.0546875  3.65524813292988 0.5022014524946047 0.24893787869792783  4.3079685430974335 0.4217096602940708 0.2914493093225776
1.11328125  3.697621123654389 0.497449122595668 0.25131465971297806  4.326731558399401 0.4211363327798056 0.29190126876683814
1.171875  3.7386345627119497 0.4928492728008145 0.25361518090931523  4.34232852409529 0.42063208273856745 0.29232185217646905
1.23046875  3.778263996782322 0.4884046456647451 0.2558380706540593  4.3555099822641665 0.4201739698931721 0.29272780393665726
1.2890625  3.816490464884856 0.484117367750483 0.2579822653900229  4.366793846013759 0.41975166555522364 0.2931255204552889
1.34765625  3.853300404182332 0.4799889601939153 0.2600470043520709  4.376552310692682 0.4193605956762056 0.2935168260864283
1.40625  3.8886855227944084 0.4760203529683619 0.2620318224329867  4.3850615501098895 0.4189986981558784 0.2939017184580868
1.46484375  3.92264264188831 0.47221190259484697 0.263936541326041  4.392532660672586 0.41866482276019296 0.2942796572509712
1.5234375  3.955173509537866 0.46856341301868126 0.2657612590839937  4.399130533898424 0.41835805896244643 0.2946500972450089
1.58203125  3.9862845890283447 0.46507415935206964 0.2675063382447129  4.404986553733079 0.41807744036146643 0.2950126802132603
1.640625  4.015986824432545 0.46174291416585284 0.26917239268189525  4.410206954583028 0.4178218714458774 0.29536725626302074
1.69921875  4.044295386392811 0.4585679760012482 0.2707602733454996  4.414878834133533 0.41759012239403986 0.2957138521799125
1.7578125  4.071229401114097 0.45554719976455144 0.27227105306045635  4.419074384611176 0.4173808667831965 0.2960526302862971
1.81640625  4.096811665605585 0.4526780286641251 0.2737060105540323  4.422854080422733 0.4171927197844085 0.29638386118176063
1.875  4.121068352203941 0.4499575273495027 0.27506661388198317  4.42626903209432 0.4170242776193966 0.2967078978786125
1.93359375  4.1440287053717775 0.447382415916867 0.27635450342140616  4.429362806314608 0.4168741475075734 0.29702513590616453
1.9921875  4.165724733692393 0.44494910445328406 0.27757147459414444  4.432172812252582 0.41674097189981635 0.2973359521829278
2.05078125  4.186190899879137 0.4426537278036106 0.27871946047882684  4.434731392041577 0.41662344495413 0.2976406405472927
2.109375  4.205463811487487 0.44049218025858583 0.2798005144623251  4.437066674818957 0.41652032406395667 0.29793937223294276
2.16796875  4.223581914863487 0.43846014987995136 0.28081679307274404  4.439203262595941 0.4164304365849365 0.2982321978013834
2.2265625  4.240585194686824 0.43655315219810753 0.2817705391262252  4.44116278034902 0.4163526834270338 0.29851907742324935
2.28515625  4.256514881274049 0.4347665630394298 0.2826640653090329  4.442964321570424 0.4162860399965354 0.29879990594853506
2.34375  4.271413167600913 0.4330956502635441 0.2834997383048026  4.444624806988229 0.41622955538471684 0.29907450498584454
2.40234375  4.285322937785898 0.4315356042151728 0.28427996356466984  4.446159275441815 0.41618235019913213 0.299342581781833
2.4609375  4.2982875085534324 0.43008156672025044 0.2850071708054542  4.447581122015715 0.4161436135229194 0.2996036792791786
2.51953125  4.310350384968274 0.4287286584814588 0.2856838003083397  4.448902296923524 0.4161125992769611 0.2998571431534089
2.578125  4.321555031505413 0.42747200475381286 0.28631229007775344  4.450133473520475 0.416088622249394 0.30010211111631563
2.63671875  4.331944659295543 0.4263067592060801 0.2868950639075633  4.451284190300329 0.4160710539563201 0.3003375074041204
2.6953125  4.341562030167538 0.4252281258983368 0.2874345203894499  4.452362969730441 0.4160593184766182 0.3005620199257287
2.75390625  4.350449277898843 0.42423137932957733 0.2879330228865038  4.453377417311199 0.416052888367478 0.3007740506980015
2.8125  4.358647746884513 0.42331188253173696 0.2883928904838681  4.454334305190244 0.4160512807561966 0.3009716479488067
2.87109375  4.366197848247776 0.42246510320756997 0.2888163899177074  4.455239644742195 0.4160540536817488 0.3011524359424123
2.9296875  4.373138933240793 0.4216866279293476 0.2892057284740183  4.456098751315219 0.41606080273290363 0.3013135532823411
2.98828125  4.379509183625316 0.4209721744331827 0.2895630478398731  4.456916302817523 0.4160711579964008 0.3014516007525381
3.046875  4.38534551857985 0.420317602059829 0.28989041888166706  4.457696392895135 0.41608478130234683 0.30156259576722433
3.10546875  4.390683517553474 0.4197189204069861 0.29018983731784387  4.4584425795523 0.4161013637309293 0.301641935148418
3.1640625  4.395557358377031 0.41917229627042135 0.2904632202474351  4.459157930628403 0.41612062333472716 0.30168437659735237
3.22265625  4.399999769849817 0.41867405896159515 0.29071240349055816  4.459845067996876 0.41614230302510424 0.30168405552393346
3.28125  4.404041997944223 0.41822070409796847 0.29093913969277124  4.460506212393649 0.41616616857260663 0.3016345551038357
3.33984375  4.407713784711417 0.41780889596883 0.29114509714185294  4.461143230585423 0.41619200668256434 0.301529044934469
3.3984375  4.411043358927457 0.41743546858437913 0.2913318592431249  4.461757686339725 0.41621962312287986 0.3013604998727843
3.45703125  4.4140574374904675 0.41709742551902496 0.29150092459782234  4.462350896373967 0.41624884090242653 0.30112200610814777
3.515625  4.41678123656469 0.4167919386615293 0.2916537076281851  4.46292399194606 0.4162794985170236 0.30080715469695934
3.57421875  4.4192384914652045 0.4165163459848418 0.29179153969282867  4.463477985723601 0.41631144829547967 0.30041051189284046
3.6328125  4.4214514842868216 0.41626814844738963 0.29191567063650126  4.464013842131106 0.416344554883223 0.2999281406323013
3.69140625  4.423441078300776 0.4160450061353274 0.292027270719459  4.464532547586593 0.4163786938999699 0.2993581308745258
3.75  4.425226758172187 0.41584473375195924 0.29212743287333953  4.465035175488764 0.41641375079538134 0.2987010822459723
3.80859375  4.426826675088462 0.415665295556377 0.292217175232499  4.465522939873043 0.4164496199130574 0.2979604750693265
3.8671875  4.428257695932683 0.41550479984843386 0.2922974438922403  4.4659972317376795 0.41648620375536427 0.2971428688461216
3.92578125  4.42953545568527 0.415361493091652 0.2923691158481212  4.466459633335057 0.41652341242433294 0.29625788202838677
3.984375  4.430674412290657 0.41523375375966654 0.29243300207352946  4.466911908125153 0.41656116320592185 0.2953179321114635
4.04296875  4.431687903282256 0.4151200859854708 0.2924898506958846  4.467355967191008 0.4165993802574011 0.29433774657066714
4.1015625  4.432588203517511 0.4150191130861576 0.2925403502351055  4.467793816096249 0.41663799436328786 0.2933336868379551
4.16015625  4.433386583434434 0.4149295710291767 0.29258513287132953  4.46822748882432 0.4166769427339439 0.2923229528429166
4.21875  4.43409336730073 0.4148503018994209 0.292624777712216  4.468658976942046 0.41671616883546503 0.29132274951948667
4.27734375  4.434717990985735 0.41478024741983194 0.29265981403348307  4.469090162313788 0.41675562225073853 0.2903494968380735
4.3359375  4.43526905884316 0.41471844257173407 0.2926907244695683  4.469522760548846 0.41679525858749605 0.2894181523940814
4.39453125  4.4357543993484665 0.41466400935484055 0.29271794813443414  4.469958280287708 0.4168350394567876 0.2885416941313663
4.453125  4.4361811191881415 0.414616150720888 0.2927418836555372  4.470398000993294 0.41687493254590924 0.2877307855708311
4.51171875  4.436555655548718 0.4145741447091769 0.29276289210681816  4.470842969427548 0.41691491181399476 0.2869936220235404
4.5703125  4.4368838264008215 0.41453733880697974 0.292781299829229  4.47129401313645 0.4169549578263671 0.2863359374761888
4.62890625  4.43717087861762 0.4145051445528304 0.2927974011297874  4.471751767908102 0.41699505824427796 0.2857611400366253
4.6875  4.437421533807495 0.41447703239617606 0.29281146085241805  4.4722167156764385 0.41703520847206604 0.2852705390742836
4.74609375  4.437640031777709 0.41445252682272093 0.2928237168159116  4.4726892293344775 0.4170754124627404 0.28486362817673627
4.8046875  4.437830171579023 0.41443120175108195 0.29283438211619467  4.473169621371931 0.41711568367785223 0.28453839281879184
4.86328125  4.437995350110821 0.4144126762030405 0.29284364729176426  4.473658193901392 0.41715604619650926 0.28429161825836463
4.921875  4.438138598292392 0.4143966102467649 0.2928516823526032  4.474155288347007 0.41719653597247575 0.2841191801350508
4.98046875  4.438262614828611 0.4143827012098298 0.2928586386741608  4.474661333731892 0.4172372022403705 0.2840163066278374
5.0390625  4.438369797617648 0.4143706801566947 0.29286465075907075  4.475176893124076 0.4172781090750697 0.28397780637472986
5.09765625  4.438462272864622 0.4143603086234706 0.2928698378701906  4.475702708161038 0.4173193371159384 0.28399826049088417
5.15625  4.438541921978468 0.4143513756013101 0.29287430553929816  4.476239741950558 0.417360985463585 0.28407217990080263
5.21484375  4.438610406340066 0.414343694758545 0.2928781469563823  4.476789220722475 0.4174031737607352 0.2841941308941165
5.2734375  4.438669190037903 0.4143371018907767 0.2928814442449291  4.477352674673906 0.41744604446257144 0.28435883254527194
5.33203125  4.43871956067362 0.4143314525874338 0.29288426962894487  4.4779319783579155 0.4174897652967577 0.2845612297531246
5.390625  4.4387626483439195 0.41432662010286425 0.29288668649768596  4.47852939087592 0.4175345319052959 0.2847965455301638
5.44921875  4.438799442907527 0.41432249341976357 0.29288875037419654  4.479147595974439 0.41758057065440135 0.28506031603942905
5.5078125  4.438830809646795 0.4143189754926522 0.2928905097937967  4.4797897420442885 0.4176281415829489 0.2853484117668424
5.56640625  4.438857503432919 0.41431598165918093 0.2928920070986362  4.480459481852497 0.41767754145554914 0.28565704800633296
5.625  4.438880181502048 0.4143134382072289 0.2928932791543312  4.481161011677025 0.4177291068736992 0.2859827874179334
5.68359375  4.438899414947032 0.4143112810860511 0.29289435799455726  4.481899109330541 0.4177832173836867 0.2863225368122896
5.7421875  4.438915699026039 0.4143094547501182 0.29289527139927973  4.482679170270391 0.41784029851595794 0.286673539677051
5.80078125  4.438929462385376 0.414307911124734 0.2928960434120788  4.483507240931608 0.4179008246681682 0.28703336547299546
5.859375  4.438941075289294 0.41430660868302394 0.29289669480177516  4.484390048101516 0.41796532174203366 0.28739989646784947
5.91796875  4.438950856944777 0.41430551162442564 0.2928972434732909  4.485335023124804 0.41803436941768785 0.2877713127958164
5.9765625  4.438959082004255 0.41430458914537927 0.29289770483239913  4.4863503194685626 0.41810860294729346 0.28814607638908707
6.03515625  4.438965986323991 0.4143038147934971 0.29289809210872286  4.487444822076362 0.4181887143347158 0.28852291433636035
6.09375  4.438971772050698 0.4143031658970765 0.2928984166410525  4.488628146892474 0.4182754527491655 0.28890080204762497
6.15234375  4.438976612103685 0.4143026230624044 0.2928986881287586  4.489910628686081 0.4183696240262677 0.2892789463980249
6.2109375  4.4389806541148165 0.4143021697318742 0.29289891485279096  4.491303295485407 0.41847208909582373 0.2896567688693421
6.26953125  4.438984023883502 0.41430179179649124 0.2928991038694759  4.492817827738509 0.4185837611838177 0.29003388862840607
6.328125  4.438986828399221 0.4143014772568829 0.2928992611800552  4.494466500688385 0.4187056016399415 0.290410105475669
6.38671875  4.438989158479465 0.4143012159274413 0.2928993918786533  4.49626210839496 0.41883861426371594 0.29078538261664827
6.4453125  4.438991091066643 0.4143009991787135 0.2928995002811153  4.498217868309357 0.4189838380153905 0.2911598292270655
6.50390625  4.438992691223414 0.4143008197136171 0.29289959003692834  4.50034730559035 0.41914233803616213 0.2915336827868248
6.5625  4.438994013862047 0.4143006713734831 0.2928996642262253  4.502664116817613 0.41931519493445896 0.2919072911519213
6.62109375  4.438995105239833 0.4143005489703391 0.292899725443665  4.505182013167431 0.41950349235022116 0.29228109434210364
6.6796875  4.438996004249285 0.4143004481422073 0.2928997758708017  4.507914543963316 0.4197083028425919 0.29265560604903024
6.73828125  4.438996743528767 0.4143003652285417 0.292899817338383  4.510874901686524 0.4199306722258958 0.29303139489349583
6.796875  4.438997350416416 0.4143002971632417 0.2928998513798565  4.5140757107407286 0.4201716025036427 0.29340906550357454
6.85546875  4.438997847767654 0.41430024138296473 0.2928998792772261  4.517528802297494 0.4204320336514212 0.2937892395153817
6.9140625  4.438998254654238 0.4143001957487237 0.2928999021002624  4.521244978558835 0.4207128245092511 0.2941725366381751
6.97265625  4.438998586960711 0.4143001584789921 0.2928999207399596  4.525233770246586 0.42101473313057847 0.29455955594544
7.03125  4.438998857892212 0.4143001280927519 0.2928999359370188  4.529503191319916 0.4213383969623481 0.2949508575848744
7.08984375  4.438999078405862 0.41430010336111056 0.2928999483060456  4.534059495851052 0.4216843132499485 0.29534694512046805
7.1484375  4.438999257576455 0.4143000832662871 0.2928999583560623  4.538906941365209 0.4220528201188458 0.29574824871778715
7.20703125  4.438999402905783 0.41430006696692045 0.29289996650785854  4.544047563980236 0.42244407875223905 0.2961551094112821
7.265625  4.43899952058373 0.4143000537687861 0.2928999731086367  4.549480969992409 0.42285805709171775 0.29656776467337936
7.32421875  4.438999615708186 0.41430004310013163 0.29289997844434695  4.555204148608955 0.4232945154848551 0.29698633549948145
7.3828125  4.438999692469885 0.41430003449094654 0.2928999827500555  4.561211310371728 0.42375299462711924 0.29741081520943297
7.44140625  4.438999754307433 0.41430002755557516 0.2928999862186403  4.567493754932468 0.4242328061641824 0.2978410601331584
7.5  4.438999804037065 0.41430002197816335 0.2928999890080692  4.574039772031799 0.42473302617479597 0.29827678233853294
7.55859375  4.4389998439610165 0.41430001750050477 0.29289999124747895  4.580834578130327 0.42525249177671925 0.29871754449561183
7.6171875  4.438999875957856 0.4143000139119089 0.29289999304224207  4.587860291307522 0.42578980098972685 0.2991627569706227
7.67578125  4.4389999015576205 0.41430001104077524 0.2928999944781811  4.595095945764221 0.4263433159023217 0.2996116771944336
7.734375  4.438999922004174 0.4143000087475982 0.2928999956250669  4.60251754682633 0.4269111691539788 0.30006341129918757
7.79296875  4.438999938306877 0.4143000069191735 0.29289999653951626  4.610098166637139 0.4274912736730185 0.3005169180033633
7.8515625  4.4389999512832805 0.41430000546380885 0.29289999726738725  4.617808080315211 0.4280813355013318 0.30097101468864446
7.91015625  4.438999961594368 0.4143000043073721 0.2928999978457556  4.625614941131382 0.4286788695693319 0.3014243855691994
7.96875  4.438999969773548 0.4143000033900386 0.2928999983045413  4.633483993561418 0.42928121815005515 0.30187559184966284
8.02734375  4.438999976250497 0.4143000026636182 0.2928999986678456  4.641378321862107 0.4298855717366892 0.3023230837311163
8.0859375  4.438999981370692 0.41430000208936435 0.292899998955047  4.649259131488466 0.43048899204181523 0.30276521410184765
8.14453125  4.438999985411403 0.4143000016361797 0.29289999918169807  4.657086060748459 0.43108843679720515 0.303200253737295
8.203125  4.4389999885947535 0.4143000012791521 0.2928999993602581  4.664817519043366 0.43168078602349136 0.3036264078227405
8.26171875  4.438999991098361 0.4143000009983607 0.29289999950069023  4.672411048002754 0.4322628694291245 0.30404183359218284
8.3203125  4.438999993063998 0.41430000077790524 0.29289999961094654  4.679823701821273 0.4328314945959942 0.30444465888191496
8.37890625  4.438999994604619 0.4143000006051173 0.2928999996973629  4.687012442266966 0.4333834756195847 0.30483300136623226
8.4375  4.438999995810054 0.4143000004699221 0.292899999764978  4.693934543827315 0.4339156618828023 0.30520498825196835
8.49609375  4.438999996751612 0.414300000364322 0.29289999981779175  4.700548004868358 0.4344249666096271 0.30555877620665234
8.5546875  4.438999997485796 0.41430000028197983 0.2928999998589735  4.706811958959841 0.4349083949664849 0.3058925712607629
8.61328125  4.4389999980573 0.414300000217883 0.29289999989103027  4.712687082283243 0.4353630713341679 0.3062046484672894
8.671875  4.438999998501407 0.41430000016807433 0.29289999991594107  4.718135991265864 0.43578626552828376 0.3064933710556476
8.73046875  4.438999998845924 0.4143000001294349 0.2928999999352657  4.723123625649099 0.436175417673591 0.3067572088435397
8.7890625  4.4389999991127285 0.4143000000995117 0.29289999995023125  4.727617611712232 0.43652816149292917 0.3069947556662538
8.84765625  4.438999999318994 0.41430000007637807 0.29289999996180105  4.731588600378114 0.4368423457649765 0.30720474558188915
8.90625  4.438999999478185 0.4143000000585242 0.29289999997073035  4.7350105753800245 0.4371160537262405 0.3073860676268379
8.96484375  4.438999999600833 0.41430000004476847 0.29289999997760996  4.737861126786891 0.4373476202089224 0.3075377789064347
9.0234375  4.438999999695166 0.41430000003418865 0.2928999999829012  4.740121685407942 0.4375356463303701 0.30765911581935423
9.08203125  4.438999999767596 0.4143000000260652 0.292899999986964  4.741777714390395 0.4376790115503288 0.30774950324113387
9.140625  4.438999999823113 0.41430000001983874 0.29289999999007804  4.742818854451212 0.43777688296682804 0.30780856151216046
9.19921875  4.438999999865594 0.41430000001507433 0.2928999999924609  4.743239020325205 0.4378287217102127 0.3078361111109359
9.2578125  4.438999999898044 0.4143000000114348 0.2928999999942811  4.743036446344744 0.43783428636058697 0.307832174923555
9.31640625  4.43899999992279 0.4143000000086595 0.2928999999956691  4.742213680270488 0.4377936333196203 0.30779697806516615
9.375  4.438999999941627 0.41430000000654676 0.2928999999967258  4.74077752516193 0.4377071141204065 0.30773094524355454
9.43359375  4.438999999955943 0.4143000000049412 0.29289999999752875  4.738738930106247 0.4375753696977883 0.3076346957016053
9.4921875  4.4389999999668035 0.414300000003723 0.292899999998138  4.7361128316428225 0.43739932167456846 0.3075090358222833
9.55078125  4.43899999997503 0.4143000000028006 0.29289999999859934  4.732917948563297 0.437180160772989 0.30735494952171505
9.609375  4.438999999981248 0.4143000000021031 0.29289999999894817  4.729176533726795 0.4369193325046701 0.30717358659417315
9.66796875  4.438999999985942 0.4143000000015767 0.29289999999921146  4.724914087370498 0.43661852033432075 0.3069662492175725
9.7265625  4.438999999989479 0.41430000000118 0.29289999999940985  4.720159037020914 0.4362796265499968 0.306734376857036
9.78515625  4.438999999992139 0.41430000000088163 0.292899999999559  4.714942389797196 0.4359047511259954 0.30647952983450877
9.84375  4.438999999994136 0.4143000000006577 0.2928999999996711  4.709297363464894 0.4354961688794373 0.30620337186210683
9.90234375  4.438999999995634 0.41430000000048983 0.2928999999997551  4.70325900241888 0.4350563052759716 0.3059076518369919
9.9609375  4.438999999996754 0.4143000000003641 0.2928999999998179  4.696863785553072 0.43458771122465767 0.3055941852119335
10.01953125  4.438999999997591 0.4143000000002702 0.2928999999998649  4.690149232277747 0.43409303725818754 0.3052648352472012
10.078125  4.438999999998215 0.4143000000002002 0.29289999999989985  4.6831535132590405 0.4335750074671925 0.30492149444923433
10.13671875  4.43899999999868 0.4143000000001481 0.29289999999992594  4.675915071541305 0.43303639356922824 0.3045660664840839
10.1953125  4.438999999999025 0.41430000000010936 0.2928999999999453  4.6684722598738695 0.4324799894679038 0.30420044882028996
10.25390625  4.4389999999992815 0.4143000000000806 0.2928999999999597  4.660862998672653 0.4319085866629035 0.30382651633487495
10.3125  4.438999999999471 0.41430000000005923 0.2928999999999703  4.653124459126729 0.43132495079386635 0.30344610608691824
10.37109375  4.438999999999611 0.41430000000004363 0.2928999999999782  4.64529277432465 0.4307317996557637 0.3030610034198168
10.4296875  4.438999999999716 0.414300000000032 0.292899999999984  4.637402781350467 0.4301317828526277 0.302672929525399
10.48828125  4.438999999999792 0.4143000000000234 0.2928999999999883  4.629487795957843 0.42952746333266123 0.3022835305422608
10.546875  4.438999999999847 0.41430000000001704 0.29289999999999144  4.621579420756622 0.42892130097017145 0.3018943682600724
10.60546875  4.438999999999888 0.4143000000000125 0.2928999999999938  4.6137073870297245 0.42831563826296676 0.30150691244069694
10.6640625  4.438999999999919 0.41430000000000916 0.29289999999999544  4.605899430206051 0.42771268819504343 0.3011225347333169
10.72265625  4.438999999999941 0.41430000000000666 0.29289999999999666  4.598181197236762 0.42711452433507746 0.30074250413896214
10.78125  4.438999999999957 0.41430000000000483 0.2928999999999976  4.590576184854749 0.42652307310157866 0.3003679839630662
10.83984375  4.438999999999969 0.41430000000000344 0.2928999999999983  4.58310570660235 0.4259401081430315 0.3000000301638834
10.8984375  4.438999999999977 0.41430000000000256 0.2928999999999987  4.575788886446967 0.42536724673143933 0.2996395909843862
10.95703125  4.438999999999984 0.41430000000000183 0.2928999999999991  4.568642676195896 0.42480594806510213 0.29928750774929996
11.015625  4.4389999999999885 0.41430000000000133 0.2928999999999993  4.561681894180693 0.4242575133272705 0.2989445167030076
11.07421875  4.438999999999991 0.414300000000001 0.29289999999999955  4.554919282550399 0.423723087336382 0.29861125175947034
11.1328125  4.438999999999994 0.4143000000000007 0.29289999999999966  4.548365580456539 0.42320366163044654 0.2982882480316491
11.19140625  4.438999999999996 0.41430000000000056 0.29289999999999977  4.542029610137147 0.422700078812937 0.29797594601043503
11.25  4.4389999999999965 0.4143000000000004 0.2928999999999998  4.535918373891665 0.42221303795158677 0.2976746962724045
11.30859375  4.438999999999998 0.41430000000000033 0.2928999999999999  4.530037158905595 0.4217431009018996 0.2973847645919843
11.3671875  4.438999999999998 0.41430000000000017 0.2928999999999999  4.52438964822796 0.4212906993542036 0.2971063373593807
11.42578125  4.438999999999998 0.4143000000000001 0.29289999999999994  4.518978035517516 0.4208561424421755 0.29683952719661516
11.484375  4.438999999999999 0.4143000000000001 0.29289999999999994  4.51380314194939 0.4204396247923143 0.2965843786876682
11.54296875  4.438999999999999 0.41430000000000006 0.29289999999999994  4.508864533566828 0.4200412348316711 0.2963408741412661
11.6015625  4.439 0.41430000000000006 0.2929  4.504160637679379 0.41966096327559477 0.2961089393150524
11.66015625  4.439 0.41430000000000006 0.2929  4.499688857120075 0.4192987116288511 0.295888449044704
11.71875  4.439 0.4143 0.2929  4.495445681503497 0.4189543006734353 0.2956792327257164
11.77734375  4.439 0.4143 0.2929  4.491426794304771 0.4186274787581158 0.2954810796122539
11.8359375  4.439 0.4143 0.2929  4.4876271758816575 0.4183179299393057 0.2952937438945429
11.89453125  4.439 0.4143 0.2929  4.4840412005234045 0.4180252817806493 0.2951169495281399
11.953125  4.439 0.4143 0.2929  4.48066272934011 0.4177491129051575 0.2949503948031821
12.01171875  4.439 0.4143 0.2929  4.47748519587455 0.4174889600819659 0.2947937566345217
12.0703125  4.439 0.4143 0.2929  4.474501687847621 0.41724432506923237 0.29464669457099546
12.12890625  4.439 0.4143 0.2929  4.471705020598321 0.41701468084402155 0.2945088545116206
12.1875  4.439 0.4143 0.2929  4.469087807863908 0.41679947767007736 0.2943798721389858
12.24609375  4.439 0.4143 0.2929  4.466642522537942 0.41659814839687587 0.2942593760589165
12.3046875  4.439 0.4143 0.2929  4.4643615573674085 0.41641011376307063 0.29414699067729855
12.36328125  4.439 0.4143 0.2929  4.462237272947531 0.41623478669828784 0.2940423387887792
12.421875  4.439 0.4143 0.2929  4.460262049888151 0.4160715769578763 0.2939450439232921
12.48046875  4.439 0.4143 0.2929  4.458428323640157 0.415919894361263 0.29385473241852755
12.5390625  4.439 0.4143 0.2929  4.456728630560766 0.4157791529234305 0.293771035286848
12.59765625  4.439 0.4143 0.2929  4.4551556285891065 0.415648772927139 0.29369358981491017
12.65625  4.439 0.4143 0.2929  4.453702140795024 0.4155281848222584 0.2936220410037951
12.71484375  4.439 0.4143 0.2929  4.452361159616342 0.41541682992965445 0.2935560427410668
12.7734375  4.439 0.4143 0.2929  4.451125893287052 0.4153141645358208 0.2934952588745795
12.83203125  4.439 0.4143 0.2929  4.449989749086328 0.41521965885255696 0.2934393639994012
12.890625  4.439 0.4143 0.2929  4.448946390968951 0.4151328019756549 0.29338804423038073
12.94921875  4.439 0.4143 0.2929  4.447989693466651 0.41505309841744853 0.29334099763972626
13.0078125  4.439 0.4143 0.2929  4.447113823700523 0.4149800749992925 0.29329793479870836
13.06640625  4.439 0.4143 0.2929  4.446313151189627 0.4149132737617423 0.29325857888944923
13.125  4.439 0.4143 0.2929  4.445582375533655 0.4148522625205291 0.293222666097734
13.18359375  4.439 0.4143 0.2929  4.4449163667878455 0.41479662209746954 0.2931899454003409
13.2421875  4.439 0.4143 0.2929  4.4443103735949165 0.41474596336938596 0.293160178907653
13.30078125  4.439 0.4143 0.2929  4.443759751203761 0.4146999053400582 0.2931331413007441
13.359375  4.439 0.4143 0.2929  4.443260307309591 0.4146581033325659 0.29310862025150114
13.41796875  4.439 0.4143 0.2929  4.4428078457247135 0.41462021206261745 0.2930864154347509
13.4765625  4.439 0.4143 0.2929  4.442398744313192 0.41458593264858984 0.29306633920400543
13.53515625  4.439 0.4143 0.2929  4.442029194385689 0.41455495094577993 0.2930482150334282
13.59375  4.439 0.4143 0.2929  4.441696166584156 0.41452701603865133 0.29303187870745107
13.65234375  4.439 0.4143 0.2929  4.441396146929993 0.4145018376751655 0.2930171759340759
13.7109375  4.439 0.4143 0.2929  4.441126747826194 0.4144792171320617 0.29300396443981663
13.76953125  4.439 0.4143 0.2929  4.440884611611427 0.41445887702100925 0.292992110320965
13.828125  4.439 0.4143 0.2929  4.440668090391496 0.41444067894364683 0.29298149164510545
13.88671875  4.439 0.4143 0.2929  4.440473774380929 0.41442434160034464 0.2929719928324185
13.9453125  4.439 0.4143 0.2929  4.44030093753266 0.4144098018389728 0.2929635107008588
14.00390625  4.439 0.4143 0.2929  4.440145798129614 0.41439674859366393 0.29295594574056655
14.0625  4.439 0.4143 0.2929  4.44000887434314 0.4143852202363411 0.2929492120657927
14.12109375  4.439 0.4143 0.2929  4.439885512872684 0.4143748354648181 0.2929432237817579
14.1796875  4.439 0.4143 0.2929  4.439778028514433 0.4143657791214139 0.29293791112347706
14.23828125  4.439 0.4143 0.2929  4.439680104858407 0.41435753552001015 0.29293319909914795
14.296875  4.439 0.4143 0.2929  4.439596779938798 0.41435051131248174 0.29292903328506276
14.35546875  4.439 0.4143 0.2929  4.439518809705949 0.414343953957466 0.2929253466716086
14.4140625  4.439 0.4143 0.2929  4.439455485960855 0.4143386162842879 0.2929220996874199
14.47265625  4.439 0.4143 0.2929  4.439392612605555 0.41433334499300517 0.2929192299422888
14.53125  4.439 0.4143 0.2929  4.439346224151581 0.4143294410735087 0.29291671424264604
14.58984375  4.439 0.4143 0.2929  4.439293963606162 0.41432509113100174 0.2929144901174642
14.6484375  4.439 0.4143 0.2929  4.439262534384425 0.41432246227577235 0.29291253408575924
14.70703125  4.439 0.4143 0.2929  4.439216561244916 0.41431869095486934 0.29291086940226907
14.765625  4.439 0.4143 0.2929  4.4391991215171664 0.4143172633280093 0.29290928774979325
14.82421875  4.439 0.4143 0.2929  4.439156063676785 0.41431383804866245 0.2929078586418892
14.8828125  4.439 0.4143 0.2929  4.439156063676785 0.41431383804866245 0.2929078586418892
14.94140625  4.439 0.4143 0.2929  4.439156063676785 0.41431383804866245 0.2929078586418892
15.0  4.439 0.4143 0.2929  4.439156063676785 0.41431383804866245 0.2929078586418892
