# t  Q_N  d_lo  d_hi   (Q=log2(||513-1025||/||1025-2049||) of ε)
0.5  1.9963  8.535173861670789e-7  2.1392479923301425e-7
1.0  1.9979  2.5878193348279096e-6  6.479008810958782e-7
1.5  1.9985  4.8562212516818195e-6  1.215308128716437e-6
2.0  1.9999  7.42873575561739e-6  1.857342721856155e-6
2.5  2.0005  1.0022850649608302e-5  2.5049084818944233e-6
3.0  2.002  1.2374729310556788e-5  3.0893402214494326e-6
3.5  2.0035  1.4436432517035569e-5  3.6002905687144945e-6
4.0  2.0057  1.6488525971052948e-5  4.106018214763286e-6
4.5  2.0084  1.8901335675217766e-5  4.697924712902966e-6
5.0  2.0129  2.185716749623601e-5  5.4157150480046215e-6
5.5  2.0182  2.5324042095163347e-5  6.251698834469394e-6
6.0  2.0231  2.9237248217592376e-5  7.193294485678737e-6
6.5  2.0261  3.3505298997019965e-5  8.22590157315542e-6
