# t  eps_c   (Shum 2509.15303 nonlinear Cowling BDNK, case=smallSB_F2, M_T=1.4)
0.0  0.0014439778864669907
1.0000000000000007  0.0014445965138073513
1.9999999999999793  0.0014451806646818843
2.9999999999999583  0.0014457185127524537
3.999999999999937  0.0014462245771198164
4.999999999999916  0.0014466629936443656
5.999999999999894  0.001447028689224369
6.999999999999873  0.0014473145136968757
7.999999999999852  0.0014475197847974904
9.000000000000007  0.0014476436742337341
10.000000000000163  0.001447688974994311
11.00000000000032  0.0014476610026061495
12.000000000000476  0.0014475656230509113
13.000000000000632  0.001447413317107179
14.000000000000789  0.0014472137342275062
15.000000000000945  0.001446976725484525
16.0000000000011  0.001446712240573661
17.000000000000902  0.0014464292682709388
18.000000000000703  0.0014461366128580102
19.000000000000504  0.0014458419490701849
20.000000000000306  0.0014455516394236716
21.000000000000107  0.0014452709464300177
21.999999999999908  0.001445003998287217
22.99999999999971  0.00144475383684241
23.99999999999951  0.00144452251470959
24.99999999999931  0.0014443112106559894
25.999999999999112  0.0014441203710287662
26.999999999998913  0.00144394985234207
27.999999999998714  0.001443798948871877
28.999999999998515  0.0014436667132440282
29.999999999998316  0.0014435519317161215
30.999999999998117  0.0014434530411230908
31.999999999997918  0.0014433686754063398
32.99999999999843  0.0014432972232066056
33.99999999999894  0.0014432371730245166
34.99999999999945  0.0014431868556561457
35.999999999999964  0.001443145116844985
37.000000000000476  0.0014431106979960742
38.00000000000099  0.0014430823933232143
39.0000000000015  0.0014430591659551596
40.00000000000201  0.001443039939902795
41.00000000000252  0.0014430243742809433
42.000000000003034  0.0014430117496089486
43.000000000003546  0.0014429966182195767
44.00000000000406  0.0014429779432805624
45.00000000000457  0.001442988029312722
46.00000000000508  0.001443055135219483
47.00000000000559  0.0014430925214922582
48.000000000006104  0.001442884822293577
49.000000000006615  0.001442300213611568
50.00000000000713  0.0014415821679797354
51.00000000000764  0.0014412684021771738
52.00000000000815  0.0014418835229838443
53.00000000000866  0.0014435370411274937
54.00000000000917  0.0014458267471271378
55.000000000009685  0.0014481391824214648
56.000000000010196  0.0014499183861614942
57.00000000001071  0.0014508642818187919
58.00000000001122  0.001450882148447811
59.00000000001173  0.0014500993291497448
60.00000000001224  0.0014486822718814182
61.000000000012754  0.0014468795881879479
62.000000000013266  0.001445011176026413
63.00000000001378  0.0014433903337119497
64.00000000001428  0.0014421920545898896
65.00000000001337  0.0014414571199501537
66.00000000001246  0.001441140485340268
67.00000000001155  0.0014411313691765591
68.00000000001064  0.0014413178939903012
69.00000000000973  0.0014416064359111204
70.00000000000882  0.001441931236683322
71.00000000000792  0.0014422430360086632
72.000000000007  0.0014425166522237572
73.0000000000061  0.001442747163114671
74.00000000000519  0.0014429374724698847
75.00000000000428  0.0014430966423413334
76.00000000000337  0.0014432378943989754
77.00000000000246  0.0014433738910288232
78.00000000000155  0.0014435143651638006
79.00000000000064  0.0014436665760494685
79.99999999999973  0.0014438375494631136
80.99999999999882  0.001444035965337545
81.99999999999791  0.0014442712509323125
82.999999999997  0.0014445507176447095
83.99999999999609  0.0014448755414122258
84.99999999999518  0.0014452400610916953
85.99999999999427  0.0014456381997490033
86.99999999999336  0.0014460755516035148
87.99999999999245  0.0014465717819731566
88.99999999999154  0.0014471496714336756
89.99999999999064  0.0014478012601070382
90.99999999998973  0.0014485064494849935
91.99999999998882  0.0014492129343974347
92.9999999999879  0.0014498641417630166
93.999999999987  0.0014504018523260808
94.99999999998609  0.0014507969736857265
95.99999999998518  0.0014510045694333643
96.99999999998427  0.0014509926950644256
97.99999999998336  0.0014507304781399752
98.99999999998245  0.0014502223306208705
99.99999999998154  0.001449501706982957
100.99999999998063  0.0014486486159996637
101.99999999997972  0.0014477672843864464
102.99999999997881  0.0014469595159234405
103.9999999999779  0.0014462973763911362
104.99999999997699  0.0014458096182974015
105.99999999997608  0.0014454879820624867
106.99999999997517  0.0014452926420246768
107.99999999997426  0.0014451822957229515
108.99999999997335  0.0014451167057172028
109.99999999997245  0.0014450695413049006
110.99999999997154  0.0014450214798697244
111.99999999997063  0.0014449609410422575
112.99999999996972  0.0014449029112014783
113.99999999996881  0.0014448808189281973
114.9999999999679  0.0014448904735434973
115.99999999996699  0.001444841749536107
116.99999999996608  0.0014445930622522894
117.99999999996517  0.0014440719834077622
118.99999999996426  0.0014433191190497282
119.99999999996335  0.0014424877752376693
120.99999999996244  0.0014417573925392263
121.99999999996153  0.0014412601223360052
122.99999999996062  0.0014410530450364562
123.99999999995971  0.0014410994621248613
124.9999999999588  0.0014413479275459274
125.9999999999579  0.001441742122773146
126.99999999995698  0.0014422202970392692
127.99999999995607  0.0014427554841112903
128.99999999995518  0.001443314296188242
129.99999999995427  0.0014438733769904415
130.99999999995336  0.001444416000513217
131.99999999995245  0.0014449261934088018
132.99999999995154  0.001445394108699029
133.99999999995063  0.0014458157557587308
134.99999999994972  0.001446194654034839
135.9999999999488  0.0014465262685994815
136.9999999999479  0.001446816812270692
137.999999999947  0.0014470652296860887
138.99999999994608  0.0014472756864655158
139.99999999994517  0.001447454825874694
140.99999999994427  0.0014476091601549551
141.99999999994336  0.0014477425260551178
142.99999999994245  0.0014478558858439937
143.99999999994154  0.0014479496459728037
144.99999999994063  0.0014480258391304048
145.99999999993972  0.001448087603944804
146.9999999999388  0.0014481356861116216
147.9999999999379  0.001448165607646375
148.999999999937  0.0014481697295156437
149.99999999993608  0.0014481469582011159
150.99999999993517  0.0014481157152163768
151.99999999993426  0.0014481170440748888
152.99999999993335  0.0014481927506675824
153.99999999993244  0.0014483488879255748
154.99999999993153  0.0014485295337923593
155.99999999993062  0.0014486305962179164
156.9999999999297  0.0014485433003301805
157.9999999999288  0.0014482340433049409
158.9999999999279  0.001447772180782481
159.99999999992698  0.001447270972852641
160.99999999992608  0.0014467717684824898
161.99999999992517  0.0014461916690517369
162.99999999992426  0.0014453990113416533
163.99999999992335  0.0014443591525805952
164.99999999992244  0.00144319602127667
165.99999999992153  0.001442119629125369
166.99999999992062  0.00144134796966553
167.9999999999197  0.0014410486197278989
168.9999999999188  0.0014413211154546757
169.9999999999179  0.0014422074547003
170.99999999991698  0.001443709627763165
171.99999999991607  0.0014456843145392237
172.99999999991516  0.001447870848593525
173.99999999991425  0.0014499319816149415
174.99999999991334  0.0014515319602979603
175.99999999991243  0.001452469032662296
176.99999999991152  0.0014526731849698884
177.9999999999106  0.0014522679262614674
178.9999999999097  0.0014514607210366728
179.9999999999088  0.0014504884891598478
180.99999999990789  0.0014495656760051764
181.99999999990698  0.0014488122335867882
182.99999999990607  0.0014481997453141093
183.99999999990516  0.001447621041925565
184.99999999990425  0.00144706510311246
185.99999999990334  0.001446710747951817
186.99999999990243  0.001446785760617227
187.99999999990152  0.0014473784850824528
188.9999999999006  0.0014483534067582973
189.9999999998997  0.0014494176679131095
190.9999999998988  0.0014502791830901158
191.99999999989788  0.0014507077064236846
192.99999999989697  0.0014506296776057445
193.99999999989606  0.0014501091111248031
194.99999999989515  0.0014492446313518752
195.99999999989424  0.0014481651504052273
196.99999999989333  0.0014469797857413601
197.99999999989242  0.0014457658635818878
198.99999999989151  0.0014445504958877453
199.9999999998906  0.0014433366786875382
200.9999999998897  0.0014422038355174451
201.9999999998888  0.0014413736812395692
202.99999999988788  0.0014411091507438357
203.99999999988697  0.0014414877125051087
204.99999999988606  0.0014422905114649198
205.99999999988515  0.0014431385167634658
206.99999999988424  0.0014436496038270133
207.99999999988333  0.001443716380348899
208.99999999988242  0.0014434980273118913
209.9999999998815  0.0014432820719313096
210.9999999998806  0.001443275066649266
211.9999999998797  0.0014435794956841276
212.99999999987878  0.0014441941986303617
213.99999999987787  0.0014450351446689451
214.99999999987696  0.0014459930453907554
215.99999999987605  0.0014469429029095055
216.99999999987514  0.0014477690579261892
217.99999999987423  0.0014483826079339788
218.99999999987332  0.0014487612250840003
219.99999999987241  0.0014489089599205756
220.9999999998715  0.001448896950674172
221.9999999998706  0.0014488195028249096
222.9999999998697  0.001448786197239908
223.99999999986878  0.0014488947986693538
224.99999999986787  0.001449207656041594
225.99999999986696  0.0014497471437501003
226.99999999986605  0.0014504173984072471
227.99999999986514  0.0014510854647440024
228.99999999986423  0.0014515526105073123
229.99999999986332  0.001451695517233163
230.9999999998624  0.0014514874493706678
231.9999999998615  0.0014509778174215597
232.9999999998606  0.0014502118504810912
233.99999999985968  0.0014492968456292065
234.99999999985877  0.0014484769450296944
235.99999999985786  0.0014480684430157869
236.99999999985695  0.0014482499354137124
237.99999999985604  0.0014489641806983956
238.99999999985513  0.0014499290460583073
239.99999999985423  0.00145081512650923
240.99999999985332  0.0014513664875027668
241.9999999998524  0.0014515248929901354
242.9999999998515  0.0014513445688692384
243.9999999998506  0.0014509427523304976
244.99999999984968  0.001450400715430374
245.99999999984877  0.0014497566761049734
246.99999999984786  0.0014490473103832406
247.99999999984695  0.0014483199292823186
248.99999999984604  0.0014476232762940348
249.99999999984513  0.0014469954298326642
250.99999999984422  0.0014464609410929834
251.9999999998433  0.001446037394150933
252.9999999998424  0.0014457353921081384
253.9999999998415  0.001445556893481418
254.99999999984058  0.001445492974097473
255.99999999983967  0.0014455256991672068
256.9999999998388  0.0014456267602926277
257.9999999998379  0.001445761345914659
258.999999999837  0.0014458942273869986
259.99999999983606  0.0014459990599978616
260.99999999983515  0.001446060207960275
261.99999999983424  0.0014460728698576426
262.99999999983334  0.0014460432644289019
263.9999999998324  0.001445989148522972
264.9999999998315  0.0014459381551086264
265.9999999998306  0.0014459217676413773
266.9999999998297  0.001445973400529117
267.9999999998288  0.0014461437357980154
268.9999999998279  0.0014465296446892293
269.99999999982697  0.0014472373613745964
270.99999999982606  0.0014483810542549956
271.99999999982515  0.0014498962937100155
272.99999999982424  0.0014515737117476914
273.99999999982333  0.0014530726764620128
274.9999999998224  0.0014540670625748076
275.9999999998215  0.0014543534513727046
276.9999999998206  0.0014539540206203775
277.9999999998197  0.0014530643389562442
278.9999999998188  0.001451932236497755
279.9999999998179  0.0014508133342675937
280.99999999981696  0.0014498750233910844
281.99999999981605  0.0014491693804280083
282.99999999981515  0.0014485975795789213
283.99999999981424  0.0014479426869384968
284.9999999998133  0.001447027761133175
285.9999999998124  0.0014458635126144213
286.9999999998115  0.0014446427869877015
287.9999999998106  0.0014436196273029953
288.9999999998097  0.0014429964017774986
289.9999999998088  0.0014428782153953071
290.99999999980787  0.0014432478490089711
291.99999999980696  0.0014440063800787442
292.99999999980605  0.0014450253059764247
293.99999999980514  0.001446112307088121
294.99999999980423  0.0014470750738757054
295.9999999998033  0.0014477023316880756
296.9999999998024  0.0014478587318792675
297.9999999998015  0.0014475671352434344
298.9999999998006  0.0014471168618973387
299.9999999997997  0.0014468837151185923
300.9999999997988  0.001447089818270566
301.99999999979786  0.0014477322008341663
302.99999999979696  0.0014485964334162598
303.99999999979605  0.0014494490633298815
304.99999999979514  0.0014501972188596893
305.9999999997942  0.0014508623342279164
306.9999999997933  0.0014514607072660104
307.9999999997924  0.0014519525599796447
308.9999999997915  0.001452233720255774
309.9999999997906  0.0014522192888404453
310.9999999997897  0.0014518355671849386
311.99999999978877  0.0014511389584504948
312.99999999978786  0.0014503647831790628
313.99999999978695  0.0014498907571998372
314.99999999978604  0.0014499975349367557
315.99999999978513  0.0014506630228445694
316.9999999997842  0.0014515632934833699
317.9999999997833  0.00145226716909543
318.9999999997824  0.001452567106714227
319.9999999997815  0.0014526310500274627
320.9999999997806  0.0014527484901041506
321.9999999997797  0.0014531002855584624
322.99999999977877  0.0014535894031409676
323.99999999977786  0.0014539355864090244
324.99999999977695  0.0014538653071361957
325.99999999977604  0.001453286878409918
326.9999999997751  0.0014522823578837817
327.9999999997742  0.0014510608411132042
328.9999999997733  0.0014498456079311433
329.9999999997724  0.001448798215409374
330.9999999997715  0.001447985661657093
331.9999999997706  0.0014473999876583928
332.99999999976967  0.0014469736452230185
333.99999999976876  0.0014466105026017177
334.99999999976785  0.001446211489554058
335.99999999976694  0.001445759159190824
336.99999999976603  0.0014453768117895125
337.9999999997651  0.0014452821073714472
338.9999999997642  0.0014456528345378784
339.9999999997633  0.0014464608790310752
340.9999999997624  0.0014475801418395227
341.9999999997615  0.0014487482839012204
342.9999999997606  0.0014497177295648717
343.99999999975967  0.0014502748135545793
344.99999999975876  0.001450295312627289
345.99999999975785  0.001449803674287998
346.99999999975694  0.0014489348625323333
347.999999999756  0.0014478834844471875
348.9999999997551  0.0014468440766257818
349.9999999997542  0.0014459650763648272
350.9999999997533  0.001445334262049322
351.9999999997524  0.0014449868755307366
352.9999999997515  0.00144491712970981
353.99999999975057  0.0014451131784890443
354.99999999974966  0.0014455683016693414
355.99999999974875  0.0014462677311035562
356.99999999974784  0.0014472132137426275
357.99999999974693  0.0014483933796292509
358.999999999746  0.0014497254006038888
359.9999999997451  0.0014510952935470253
360.9999999997442  0.0014523666871598649
361.9999999997433  0.00145341325962914
362.9999999997424  0.0014541569999720564
363.9999999997415  0.0014545418490996265
364.99999999974057  0.0014546108106178023
365.99999999973966  0.0014544369387150342
366.99999999973875  0.0014541134662330406
367.99999999973784  0.0014537204641341564
368.99999999973693  0.0014533065234605576
369.999999999736  0.0014528812945224395
370.9999999997351  0.0014524238289200797
371.9999999997342  0.0014519076498552006
372.9999999997333  0.001451329161522014
373.9999999997324  0.0014507197347332136
374.9999999997315  0.0014501394642687313
375.99999999973056  0.0014496492688834415
376.99999999972965  0.0014492857040872725
377.99999999972874  0.0014490459590624717
378.99999999972783  0.001448916143976228
379.9999999997269  0.0014488979492069962
380.999999999726  0.0014489817069511803
381.9999999997251  0.0014490709790279963
382.9999999997242  0.0014489736968543118
383.9999999997233  0.0014485313310135734
384.9999999997224  0.0014477354569059167
385.99999999972147  0.0014467680922835198
386.99999999972056  0.0014458854644777085
387.99999999971965  0.001445304881591908
388.99999999971874  0.0014451567990953497
389.99999999971783  0.0014454913988440434
390.9999999997169  0.0014463318927469624
391.999999999716  0.0014476963117210052
392.9999999997151  0.0014494952643246963
393.9999999997142  0.0014515416705286467
394.9999999997133  0.001453506010167313
395.9999999997124  0.0014550433410801238
396.99999999971146  0.0014559532098557444
397.99999999971055  0.0014561302218640483
398.99999999970964  0.0014556335818049799
399.99999999970873  0.0014546191844692895
