# x  v  cplus  (τ̂=3.0, t=27.0)
-100.0  0.9000000000000001  0.756830220884781
-99.8046875  0.9000000000000001  0.756830220884781
-99.609375  0.9000000000000001  0.756830220884781
-99.4140625  0.9000000000000001  0.756830220884781
-99.21875  0.9000000000000001  0.756830220884781
-99.0234375  0.9000000000000001  0.756830220884781
-98.828125  0.9000000000000001  0.756830220884781
-98.6328125  0.9000000000000001  0.756830220884781
-98.4375  0.9000000000000001  0.756830220884781
-98.2421875  0.9000000000000001  0.756830220884781
-98.046875  0.9000000000000001  0.756830220884781
-97.8515625  0.9000000000000001  0.756830220884781
-97.65625  0.9000000000000001  0.756830220884781
-97.4609375  0.9000000000000001  0.756830220884781
-97.265625  0.9000000000000001  0.756830220884781
-97.0703125  0.9000000000000001  0.756830220884781
-96.875  0.9000000000000001  0.756830220884781
-96.6796875  0.9000000000000001  0.756830220884781
-96.484375  0.9000000000000001  0.756830220884781
-96.2890625  0.9000000000000001  0.756830220884781
-96.09375  0.9000000000000001  0.756830220884781
-95.8984375  0.9000000000000001  0.756830220884781
-95.703125  0.9000000000000001  0.756830220884781
-95.5078125  0.9000000000000001  0.756830220884781
-95.3125  0.9000000000000001  0.756830220884781
-95.1171875  0.9000000000000001  0.756830220884781
-94.921875  0.9000000000000001  0.756830220884781
-94.7265625  0.9000000000000001  0.756830220884781
-94.53125  0.9000000000000001  0.756830220884781
-94.3359375  0.9000000000000001  0.756830220884781
-94.140625  0.9000000000000001  0.756830220884781
-93.9453125  0.9000000000000001  0.756830220884781
-93.75  0.9000000000000001  0.756830220884781
-93.5546875  0.9000000000000001  0.756830220884781
-93.359375  0.9000000000000001  0.756830220884781
-93.1640625  0.9000000000000001  0.756830220884781
-92.96875  0.9000000000000001  0.756830220884781
-92.7734375  0.9000000000000001  0.756830220884781
-92.578125  0.9000000000000001  0.756830220884781
-92.3828125  0.9000000000000001  0.756830220884781
-92.1875  0.9000000000000001  0.756830220884781
-91.9921875  0.9000000000000001  0.756830220884781
-91.796875  0.9000000000000001  0.756830220884781
-91.6015625  0.9000000000000001  0.756830220884781
-91.40625  0.9000000000000001  0.756830220884781
-91.2109375  0.9000000000000001  0.756830220884781
-91.015625  0.9000000000000001  0.756830220884781
-90.8203125  0.9000000000000001  0.756830220884781
-90.625  0.9000000000000001  0.756830220884781
-90.4296875  0.9000000000000001  0.756830220884781
-90.234375  0.9000000000000001  0.756830220884781
-90.0390625  0.9000000000000001  0.756830220884781
-89.84375  0.9000000000000001  0.756830220884781
-89.6484375  0.9000000000000001  0.756830220884781
-89.453125  0.9000000000000001  0.756830220884781
-89.2578125  0.9000000000000001  0.756830220884781
-89.0625  0.9000000000000001  0.756830220884781
-88.8671875  0.9000000000000001  0.756830220884781
-88.671875  0.9000000000000001  0.756830220884781
-88.4765625  0.9000000000000001  0.756830220884781
-88.28125  0.9000000000000001  0.756830220884781
-88.0859375  0.9000000000000001  0.756830220884781
-87.890625  0.9000000000000001  0.756830220884781
-87.6953125  0.9000000000000001  0.756830220884781
-87.5  0.9000000000000001  0.756830220884781
-87.3046875  0.9000000000000001  0.756830220884781
-87.109375  0.9000000000000001  0.756830220884781
-86.9140625  0.9000000000000001  0.756830220884781
-86.71875  0.9000000000000001  0.756830220884781
-86.5234375  0.9000000000000001  0.756830220884781
-86.328125  0.9000000000000001  0.756830220884781
-86.1328125  0.9000000000000001  0.756830220884781
-85.9375  0.9000000000000001  0.756830220884781
-85.7421875  0.9000000000000001  0.756830220884781
-85.546875  0.9000000000000001  0.756830220884781
-85.3515625  0.9000000000000001  0.756830220884781
-85.15625  0.9000000000000001  0.756830220884781
-84.9609375  0.9000000000000001  0.756830220884781
-84.765625  0.9000000000000001  0.756830220884781
-84.5703125  0.9000000000000001  0.756830220884781
-84.375  0.9000000000000001  0.756830220884781
-84.1796875  0.9000000000000001  0.756830220884781
-83.984375  0.9000000000000001  0.756830220884781
-83.7890625  0.9000000000000001  0.756830220884781
-83.59375  0.9000000000000001  0.756830220884781
-83.3984375  0.9000000000000001  0.756830220884781
-83.203125  0.9000000000000001  0.756830220884781
-83.0078125  0.9000000000000001  0.756830220884781
-82.8125  0.9000000000000001  0.756830220884781
-82.6171875  0.9000000000000001  0.756830220884781
-82.421875  0.9000000000000001  0.756830220884781
-82.2265625  0.9000000000000001  0.756830220884781
-82.03125  0.9000000000000001  0.756830220884781
-81.8359375  0.9000000000000001  0.756830220884781
-81.640625  0.9000000000000001  0.756830220884781
-81.4453125  0.9000000000000001  0.756830220884781
-81.25  0.9000000000000001  0.756830220884781
-81.0546875  0.9000000000000001  0.756830220884781
-80.859375  0.9000000000000001  0.756830220884781
-80.6640625  0.9000000000000001  0.756830220884781
-80.46875  0.9000000000000001  0.756830220884781
-80.2734375  0.9000000000000001  0.756830220884781
-80.078125  0.9000000000000001  0.756830220884781
-79.8828125  0.9000000000000001  0.756830220884781
-79.6875  0.9000000000000001  0.756830220884781
-79.4921875  0.9000000000000001  0.756830220884781
-79.296875  0.9000000000000001  0.756830220884781
-79.1015625  0.9000000000000001  0.756830220884781
-78.90625  0.9000000000000001  0.756830220884781
-78.7109375  0.9000000000000001  0.756830220884781
-78.515625  0.9000000000000001  0.756830220884781
-78.3203125  0.9000000000000001  0.756830220884781
-78.125  0.9000000000000001  0.756830220884781
-77.9296875  0.9000000000000001  0.756830220884781
-77.734375  0.9000000000000001  0.756830220884781
-77.5390625  0.9000000000000001  0.756830220884781
-77.34375  0.9000000000000001  0.756830220884781
-77.1484375  0.9000000000000001  0.756830220884781
-76.953125  0.9000000000000001  0.756830220884781
-76.7578125  0.9000000000000001  0.756830220884781
-76.5625  0.9000000000000001  0.756830220884781
-76.3671875  0.9000000000000001  0.756830220884781
-76.171875  0.9000000000000001  0.756830220884781
-75.9765625  0.9000000000000001  0.756830220884781
-75.78125  0.9000000000000001  0.756830220884781
-75.5859375  0.9000000000000001  0.756830220884781
-75.390625  0.9000000000000001  0.756830220884781
-75.1953125  0.9000000000000001  0.756830220884781
-75.0  0.9000000000000001  0.756830220884781
-74.8046875  0.9000000000000001  0.756830220884781
-74.609375  0.9000000000000001  0.756830220884781
-74.4140625  0.9000000000000001  0.756830220884781
-74.21875  0.9000000000000001  0.756830220884781
-74.0234375  0.9000000000000001  0.756830220884781
-73.828125  0.9000000000000001  0.756830220884781
-73.6328125  0.9000000000000001  0.756830220884781
-73.4375  0.9000000000000001  0.756830220884781
-73.2421875  0.9000000000000001  0.756830220884781
-73.046875  0.9000000000000001  0.756830220884781
-72.8515625  0.9000000000000001  0.756830220884781
-72.65625  0.9000000000000001  0.756830220884781
-72.4609375  0.9000000000000001  0.756830220884781
-72.265625  0.9000000000000001  0.756830220884781
-72.0703125  0.9000000000000001  0.756830220884781
-71.875  0.9000000000000001  0.756830220884781
-71.6796875  0.9000000000000001  0.756830220884781
-71.484375  0.9000000000000001  0.756830220884781
-71.2890625  0.9000000000000001  0.756830220884781
-71.09375  0.9000000000000001  0.756830220884781
-70.8984375  0.9000000000000001  0.756830220884781
-70.703125  0.9000000000000001  0.756830220884781
-70.5078125  0.9000000000000001  0.756830220884781
-70.3125  0.9000000000000001  0.756830220884781
-70.1171875  0.9000000000000001  0.756830220884781
-69.921875  0.9000000000000001  0.756830220884781
-69.7265625  0.9000000000000001  0.756830220884781
-69.53125  0.9000000000000001  0.756830220884781
-69.3359375  0.9000000000000001  0.756830220884781
-69.140625  0.9000000000000001  0.756830220884781
-68.9453125  0.9000000000000001  0.756830220884781
-68.75  0.9000000000000001  0.756830220884781
-68.5546875  0.9000000000000001  0.756830220884781
-68.359375  0.9000000000000001  0.756830220884781
-68.1640625  0.9000000000000001  0.756830220884781
-67.96875  0.9000000000000001  0.756830220884781
-67.7734375  0.9000000000000001  0.756830220884781
-67.578125  0.9000000000000001  0.756830220884781
-67.3828125  0.9000000000000001  0.756830220884781
-67.1875  0.9000000000000001  0.756830220884781
-66.9921875  0.9000000000000001  0.756830220884781
-66.796875  0.9000000000000001  0.756830220884781
-66.6015625  0.9000000000000001  0.756830220884781
-66.40625  0.9000000000000001  0.756830220884781
-66.2109375  0.9000000000000001  0.756830220884781
-66.015625  0.9000000000000001  0.756830220884781
-65.8203125  0.9000000000000001  0.756830220884781
-65.625  0.9000000000000001  0.756830220884781
-65.4296875  0.9000000000000001  0.756830220884781
-65.234375  0.9000000000000001  0.756830220884781
-65.0390625  0.9000000000000001  0.756830220884781
-64.84375  0.9000000000000001  0.756830220884781
-64.6484375  0.9000000000000001  0.756830220884781
-64.453125  0.9000000000000001  0.756830220884781
-64.2578125  0.9000000000000001  0.756830220884781
-64.0625  0.9000000000000001  0.756830220884781
-63.8671875  0.9000000000000001  0.756830220884781
-63.671875  0.9000000000000001  0.756830220884781
-63.4765625  0.9000000000000001  0.756830220884781
-63.28125  0.9000000000000001  0.756830220884781
-63.0859375  0.9000000000000001  0.756830220884781
-62.890625  0.9000000000000001  0.756830220884781
-62.6953125  0.9000000000000001  0.756830220884781
-62.5  0.9000000000000001  0.756830220884781
-62.3046875  0.9000000000000001  0.756830220884781
-62.109375  0.9000000000000001  0.756830220884781
-61.9140625  0.9000000000000001  0.756830220884781
-61.71875  0.9000000000000001  0.756830220884781
-61.5234375  0.9000000000000001  0.756830220884781
-61.328125  0.9000000000000001  0.756830220884781
-61.1328125  0.9000000000000001  0.756830220884781
-60.9375  0.9000000000000001  0.756830220884781
-60.7421875  0.9000000000000001  0.756830220884781
-60.546875  0.9000000000000001  0.756830220884781
-60.3515625  0.9000000000000001  0.756830220884781
-60.15625  0.9000000000000001  0.756830220884781
-59.9609375  0.9000000000000001  0.756830220884781
-59.765625  0.9000000000000001  0.756830220884781
-59.5703125  0.9000000000000001  0.756830220884781
-59.375  0.9000000000000001  0.756830220884781
-59.1796875  0.9000000000000001  0.756830220884781
-58.984375  0.9000000000000001  0.756830220884781
-58.7890625  0.9000000000000001  0.756830220884781
-58.59375  0.9000000000000001  0.756830220884781
-58.3984375  0.9000000000000001  0.756830220884781
-58.203125  0.8999999999999998  0.756830220884781
-58.0078125  0.8999999999999998  0.756830220884781
-57.8125  0.8999999999999998  0.756830220884781
-57.6171875  0.8999999999999998  0.756830220884781
-57.421875  0.8999999999999998  0.756830220884781
-57.2265625  0.8999999999999998  0.756830220884781
-57.03125  0.8999999999999998  0.756830220884781
-56.8359375  0.8999999999999998  0.7568302208847809
-56.640625  0.8999999999999998  0.756830220884781
-56.4453125  0.8999999999999998  0.7568302208847809
-56.25  0.8999999999999998  0.756830220884781
-56.0546875  0.8999999999999998  0.7568302208847809
-55.859375  0.8999999999999995  0.7568302208847809
-55.6640625  0.9000000000000002  0.7568302208847812
-55.46875  0.899999999999999  0.7568302208847808
-55.2734375  0.9000000000000008  0.7568302208847814
-55.078125  0.8999999999999987  0.7568302208847807
-54.8828125  0.9000000000000009  0.7568302208847815
-54.6875  0.8999999999999987  0.7568302208847807
-54.4921875  0.900000000000001  0.7568302208847816
-54.296875  0.8999999999999986  0.7568302208847805
-54.1015625  0.9000000000000008  0.7568302208847816
-53.90625  0.8999999999999986  0.7568302208847805
-53.7109375  0.9000000000000009  0.7568302208847816
-53.515625  0.8999999999999987  0.7568302208847804
-53.3203125  0.9000000000000002  0.7568302208847816
-53.125  0.8999999999999995  0.7568302208847807
-52.9296875  0.8999999999999997  0.7568302208847811
-52.734375  0.9000000000000002  0.7568302208847812
-52.5390625  0.8999999999999984  0.7568302208847807
-52.34375  0.900000000000002  0.7568302208847816
-52.1484375  0.8999999999999972  0.75683022088478
-51.953125  0.9000000000000031  0.7568302208847821
-51.7578125  0.8999999999999957  0.7568302208847794
-51.5625  0.9000000000000039  0.7568302208847827
-51.3671875  0.899999999999995  0.7568302208847791
-51.171875  0.9000000000000041  0.7568302208847828
-50.9765625  0.8999999999999957  0.7568302208847792
-50.78125  0.900000000000003  0.7568302208847827
-50.5859375  0.8999999999999969  0.7568302208847798
-50.390625  0.9000000000000012  0.7568302208847821
-50.1953125  0.8999999999999991  0.7568302208847805
-50.0  0.9000000000000001  0.7568302208847815
-49.8046875  0.9000000000000012  0.7568302208847811
-49.609375  0.899999999999999  0.7568302208847808
-49.4140625  0.9000000000000019  0.7568302208847815
-49.21875  0.8999999999999995  0.7568302208847808
-49.0234375  0.9000000000000006  0.756830220884781
-48.828125  0.9000000000000012  0.7568302208847815
-48.6328125  0.8999999999999987  0.7568302208847804
-48.4375  0.9000000000000038  0.7568302208847822
-48.2421875  0.8999999999999969  0.7568302208847795
-48.046875  0.900000000000005  0.756830220884783
-47.8515625  0.8999999999999965  0.7568302208847789
-47.65625  0.9000000000000049  0.7568302208847828
-47.4609375  0.8999999999999979  0.7568302208847791
-47.265625  0.900000000000003  0.7568302208847821
-47.0703125  0.9000000000000009  0.7568302208847801
-46.875  0.9000000000000002  0.756830220884781
-46.6796875  0.9000000000000044  0.7568302208847814
-46.484375  0.8999999999999969  0.7568302208847795
-46.2890625  0.9000000000000075  0.7568302208847826
-46.09375  0.8999999999999929  0.756830220884778
-45.8984375  0.9000000000000117  0.7568302208847846
-45.703125  0.8999999999999887  0.7568302208847763
-45.5078125  0.9000000000000171  0.7568302208847865
-45.3125  0.8999999999999828  0.7568302208847736
-45.1171875  0.900000000000021  0.7568302208847887
-44.921875  0.8999999999999793  0.7568302208847718
-44.7265625  0.90000000000002  0.7568302208847896
-44.53125  0.8999999999999855  0.7568302208847734
-44.3359375  0.9000000000000068  0.7568302208847861
-44.140625  0.9000000000000111  0.7568302208847812
-43.9453125  0.8999999999999704  0.7568302208847731
-43.75  0.9000000000000637  0.7568302208847997
-43.5546875  0.8999999999998998  0.7568302208847468
-43.359375  0.900000000000155  0.7568302208848336
-43.1640625  0.8999999999997857  0.7568302208847029
-42.96875  0.9000000000002919  0.7568302208848873
-42.7734375  0.899999999999622  0.756830220884638
-42.578125  0.9000000000004796  0.7568302208849638
-42.3828125  0.8999999999994117  0.7568302208845512
-42.1875  0.9000000000007081  0.7568302208850599
-41.9921875  0.8999999999991711  0.7568302208844467
-41.796875  0.9000000000009469  0.7568302208851676
-41.6015625  0.8999999999989436  0.7568302208843406
-41.40625  0.900000000001145  0.7568302208852673
-41.2109375  0.899999999998792  0.7568302208842559
-41.015625  0.9000000000012334  0.7568302208853305
-40.8203125  0.8999999999987772  0.7568302208842199
-40.625  0.9000000000011592  0.7568302208853336
-40.4296875  0.8999999999989373  0.7568302208842536
-40.234375  0.9000000000009126  0.7568302208852647
-40.0390625  0.8999999999992544  0.7568302208843567
-39.84375  0.9000000000005451  0.7568302208851357
-39.6484375  0.8999999999996386  0.7568302208845012
-39.453125  0.9000000000001741  0.7568302208849882
-39.2578125  0.8999999999999416  0.7568302208846348
-39.0625  0.8999999999999642  0.7568302208848874
-38.8671875  0.9000000000000108  0.7568302208846908
-38.671875  0.9000000000000388  0.7568302208848898
-38.4765625  0.8999999999997695  0.7568302208846263
-38.28125  0.9000000000003975  0.7568302208850143
-38.0859375  0.8999999999993055  0.7568302208844572
-37.890625  0.9000000000008638  0.7568302208852082
-37.6953125  0.899999999998854  0.7568302208842682
-37.5  0.900000000001165  0.7568302208853699
-37.3046875  0.8999999999986835  0.75683022088417
-37.109375  0.9000000000010921  0.7568302208853986
-36.9140625  0.8999999999988914  0.7568302208842244
-36.71875  0.9000000000006553  0.7568302208852772
-36.5234375  0.8999999999993186  0.7568302208844018
-36.328125  0.9000000000001263  0.7568302208850956
-36.1328125  0.8999999999996225  0.7568302208845755
-35.9375  0.8999999999998465  0.7568302208849906
-35.7421875  0.8999999999994855  0.7568302208846114
-35.546875  0.8999999999999722  0.7568302208850659
-35.3515625  0.8999999999988965  0.7568302208844806
-35.15625  0.9000000000003202  0.7568302208852866
-34.9609375  0.89999999999817  0.7568302208842824
-34.765625  0.9000000000004228  0.7568302208854913
-34.5703125  0.8999999999976928  0.756830220884199
-34.375  0.89999999999992  0.7568302208855363
-34.1796875  0.899999999997569  0.7568302208843328
-33.984375  0.8999999999988714  0.7568302208854173
-33.7890625  0.8999999999974013  0.7568302208845911
-33.59375  0.8999999999976749  0.7568302208853072
-33.3984375  0.8999999999965757  0.7568302208847778
-33.203125  0.8999999999966345  0.7568302208854129
-33.0078125  0.8999999999948032  0.7568302208847889
-32.8125  0.8999999999954928  0.7568302208857531
-32.6171875  0.8999999999922969  0.7568302208847392
-32.421875  0.8999999999934576  0.7568302208861378
-32.2265625  0.8999999999893623  0.7568302208848917
-32.03125  0.8999999999898337  0.7568302208864034
-31.8359375  0.899999999985774  0.7568302208853853
-31.640625  0.8999999999844658  0.7568302208866101
-31.4453125  0.8999999999804915  0.7568302208860809
-31.25  0.8999999999774012  0.7568302208870576
-31.0546875  0.8999999999722619  0.7568302208867976
-30.859375  0.8999999999681465  0.7568302208880023
-30.6640625  0.8999999999602742  0.7568302208875767
-30.46875  0.8999999999550754  0.7568302208893859
-30.2734375  0.899999999943883  0.7568302208887793
-30.078125  0.899999999935945  0.7568302208910621
-29.8828125  0.8999999999216953  0.7568302208908029
-29.6875  0.8999999999086881  0.7568302208931402
-29.4921875  0.899999999890722  0.7568302208937275
-29.296875  0.899999999871111  0.7568302208961261
-29.1015625  0.8999999998467555  0.7568302208975248
-28.90625  0.8999999998196448  0.75683022090062
-28.7109375  0.8999999997851519  0.756830220902515
-28.515625  0.8999999997482571  0.756830220906948
-28.3203125  0.8999999997003044  0.7568302209095276
-28.125  0.8999999996486885  0.7568302209154042
-27.9296875  0.8999999995838874  0.7568302209195443
-27.734375  0.8999999995109497  0.7568302209267982
-27.5390625  0.899999999423424  0.7568302209333652
-27.34375  0.899999999322125  0.7568302209425991
-27.1484375  0.8999999992022131  0.7568302209519958
-26.953125  0.8999999990638601  0.7568302209645573
-26.7578125  0.8999999988990888  0.7568302209772845
-26.5625  0.8999999987104157  0.7568302209945015
-26.3671875  0.8999999984859378  0.7568302210119786
-26.171875  0.8999999982277964  0.7568302210349315
-25.9765625  0.8999999979238943  0.7568302210593721
-25.78125  0.8999999975718338  0.7568302210897356
-25.5859375  0.8999999971603919  0.756830221123435
-25.390625  0.8999999966833759  0.7568302211641598
-25.1953125  0.8999999961266659  0.7568302212097634
-25.0  0.899999995482181  0.7568302212645426
-24.8046875  0.8999999947327455  0.7568302213264009
-24.609375  0.8999999938617212  0.7568302213989477
-24.4140625  0.899999992858546  0.7568302214837714
-24.21875  0.8999999916835006  0.7568302215787026
-24.0234375  0.8999999903428398  0.7568302216944991
-23.828125  0.8999999887683039  0.7568302218199654
-23.6328125  0.8999999869700297  0.7568302219737431
-23.4375  0.8999999848857653  0.7568302221456796
-23.2421875  0.8999999824507677  0.7568302223388562
-23.046875  0.8999999797430924  0.756830222589081
-22.8515625  0.8999999763986178  0.7568302228087295
-22.65625  0.8999999729607713  0.7568302231959506
-22.4609375  0.8999999683228933  0.7568302234097903
-22.265625  0.8999999640042875  0.7568302240147576
-22.0703125  0.8999999576719545  0.7568302242025564
-21.875  0.8999999520340811  0.7568302250594667
-21.6796875  0.8999999439512221  0.7568302253424356
-21.484375  0.8999999356724243  0.7568302262394366
-21.2890625  0.8999999268623856  0.7568302271646886
-21.09375  0.8999999128245348  0.7568302272956234
-20.8984375  0.8999999061904366  0.7568302302083246
-20.703125  0.8999998809919592  0.7568302278924668
-20.5078125  0.8999998808081557  0.7568302349541718
-20.3125  0.8999998388501975  0.7568302281633263
-20.1171875  0.8999998460035984  0.7568302409421825
-19.921875  0.899999789631813  0.7568302300004676
-19.7265625  0.8999997892433699  0.7568302451639544
-19.53125  0.8999997449581346  0.7568302387995097
-19.3359375  0.8999996876224581  0.7568302406799055
-19.140625  0.8999997233214754  0.7568302637726531
-18.9453125  0.8999995156845335  0.7568302185019699
-18.75  0.8999997318710616  0.756830312600139
-18.5546875  0.8999992763196822  0.7568301778589105
-18.359375  0.8999997201090882  0.7568303752399438
-18.1640625  0.8999990604020747  0.7568301486116739
-17.96875  0.8999995114938827  0.7568303967196482
-17.7734375  0.8999991106269474  0.756830219696428
-17.578125  0.8999987622313743  0.756830254130149
-17.3828125  0.8999998121537961  0.7568305471823352
-17.1875  0.8999970499964405  0.7568297756655773
-16.9921875  0.90000149380604  0.7568312955507803
-16.796875  0.8999941984548716  0.7568288492622832
-16.6015625  0.9000039804458738  0.7568324760448686
-16.40625  0.8999908058711128  0.7568276285211449
-16.2109375  0.9000060629271803  0.7568337220236355
-16.015625  0.8999886518416598  0.7568267340872886
-15.8203125  0.9000053602231989  0.756834167905129
-15.625  0.8999904139074082  0.7568272338993207
-15.4296875  0.8999991453111477  0.7568326678211714
-15.234375  0.8999982154456685  0.7568301785159467
-15.0390625  0.899986399219058  0.7568285262736032
-14.84375  0.9000111670188539  0.7568356386776262
-14.6484375  0.8999701294962976  0.75682252855862
-14.453125  0.9000240712976074  0.7568419316762679
-14.2578125  0.8999567313736113  0.7568170617189598
-14.0625  0.9000302785254809  0.7568464018614797
-13.8671875  0.8999518128251961  0.7568146322345094
-13.671875  0.9000254087455838  0.756847004471668
-13.4765625  0.8999583260978959  0.7568168199149201
-13.28125  0.9000075243545198  0.7568426316306509
-13.0859375  0.8999761431669095  0.7568241302795771
-12.890625  0.8999798973524509  0.7568339066747098
-12.6953125  0.8999969476068465  0.756834210496992
-12.5  0.8999550177436926  0.7568250924825966
-12.3046875  0.900006406995859  0.7568416487536879
-12.109375  0.8999440454262949  0.7568213075610343
-11.9140625  0.8999992560306586  0.7568431627467508
-11.71875  0.8999450581517126  0.7568233574078058
-11.5234375  0.8999819642074389  0.7568403183159338
-11.328125  0.8999487226692822  0.7568281161558069
-11.1328125  0.8999635387375731  0.7568369364005099
-10.9375  0.8999472354156625  0.7568321165841445
-10.7421875  0.8999475658789863  0.756835278701803
-10.546875  0.8999408560524452  0.7568349596444983
-10.3515625  0.8999297060705285  0.756834173205696
-10.15625  0.8999333763064179  0.7568384924015692
-9.9609375  0.8999084239704618  0.7568326021322492
-9.765625  0.8999209361459791  0.7568420961125478
-9.5703125  0.8998892399844373  0.7568328234969282
-9.375  0.8998982000412037  0.7568432899778667
-9.1796875  0.899871320254965  0.7568360506991728
-8.984375  0.8998705461490804  0.7568433492760079
-8.7890625  0.8998448317609073  0.7568390823454352
-8.59375  0.8998441181164019  0.7568459008210993
-8.3984375  0.899808565447793  0.7568402379182195
-8.203125  0.8998108182726103  0.756849723302879
-8.0078125  0.8997725490826936  0.7568433391807317
-7.8125  0.8997604330702078  0.7568508164711722
-7.6171875  0.8997381933751476  0.7568505838158672
-7.421875  0.8996961094335142  0.7568501975946306
-7.2265625  0.8996953175075979  0.7568588595143872
-7.03125  0.899625649634934  0.7568517094473525
-6.8359375  0.8996344518303767  0.7568655657941026
-6.640625  0.8995522552295341  0.7568566098003032
-6.4453125  0.8995531550474606  0.7568714975856469
-6.25  0.8994672132776984  0.7568622235405658
-6.0546875  0.8994614299868241  0.7568818776360183
-5.859375  0.8993593931349789  0.7568638676968288
-5.6640625  0.899347011359301  0.7568963599922124
-5.46875  0.8992569458006482  0.7568721288415154
-5.2734375  0.8991752921418732  0.7568984463595575
-5.078125  0.8991505537767887  0.7568981964919032
-4.8828125  0.8990033586858263  0.7568961135102708
-4.6875  0.898948463447749  0.7569147873687384
-4.4921875  0.8988703834795126  0.756918797029021
-4.296875  0.8987018866037287  0.7569201933984437
-4.1015625  0.8986448999406289  0.7569338956037998
-3.90625  0.8984788210005522  0.7569512121252592
-3.7109375  0.8983769829409655  0.7569434214248408
-3.515625  0.8981580135194427  0.7569715458473878
-3.3203125  0.8980869315955426  0.7569773111184108
-3.125  0.8978085837869015  0.7569884116002737
-2.9296875  0.8976759250925512  0.7570085796472643
-2.734375  0.8974405547246643  0.7570209273027224
-2.5390625  0.8971696980508861  0.7570427874255362
-2.34375  0.896971571969415  0.7570526120746973
-2.1484375  0.8965875212558455  0.7570882234895134
-1.953125  0.8964146139523256  0.7571044048124334
-1.7578125  0.8958785482747144  0.7571266242198714
-1.5625  0.895594242058613  0.7571551875315646
-1.3671875  0.8952212462422012  0.757200509437497
-1.171875  0.8945594771597615  0.7572304095954806
-0.9765625  0.8941747891585865  0.7572494291480885
-0.78125  0.8934382112693672  0.7573269387807356
-0.5859375  0.8928480592556595  0.7573604227011099
-0.390625  0.891321097328147  0.757536160901808
-0.1953125  0.8843181293744502  0.7583469671230008
0.0  0.8493172400055046  0.7625878102561313
0.1953125  0.8008235962425818  0.7650176851097432
0.390625  0.7127469540655254  0.7563589056778797
0.5859375  0.5941172435272141  0.7575203717349734
0.78125  0.5392363686780814  0.7652337516108557
0.9765625  0.5892167491492953  0.7708193701992996
1.171875  0.6475605200703213  0.7724714221706716
1.3671875  0.6789558860882922  0.7700140597373669
1.5625  0.6543981119062037  0.7614675417311217
1.7578125  0.4934576177633325  0.7526395550936428
1.953125  0.29061589510603136  0.7535511704685814
2.1484375  0.2601733798096475  0.7599882183611378
2.34375  0.3113043091895503  0.7626897476996524
2.5390625  0.37962562411071316  0.7641167559467625
2.734375  0.4349409481945316  0.7649020593490945
2.9296875  0.46620785086692457  0.7655217676589673
3.125  0.47357867418926985  0.7660730590969599
3.3203125  0.46755577012039223  0.7664360271510391
3.515625  0.4579251133166759  0.7666480805738493
3.7109375  0.44975115942781524  0.7667238449285325
3.90625  0.4442603607125666  0.7666648202815686
4.1015625  0.4405575166196379  0.7666310917818506
4.296875  0.4374721659737796  0.7666688313269359
4.4921875  0.43417661670971547  0.7667478692575855
4.6875  0.4303499928341676  0.7668401435424961
4.8828125  0.4260486290135849  0.7669372542018015
5.078125  0.42152553943917825  0.767038077066262
5.2734375  0.41708049258346663  0.767142543910139
5.46875  0.4129361853867918  0.7672511944808748
5.6640625  0.40920442599009055  0.767364756603543
5.859375  0.4059184495696512  0.7674831670648847
6.0546875  0.4030615630361262  0.7676050988746316
6.25  0.4005914800422809  0.7677285418760286
6.4453125  0.39846688318074613  0.7678515377257267
6.640625  0.3966578777525785  0.767972420597641
6.8359375  0.3951358769447661  0.7680897315258399
7.03125  0.3938619704676595  0.7682021336879346
7.2265625  0.39278965493019175  0.7683084572761708
7.421875  0.3918781621914284  0.7684078246325345
7.6171875  0.39110241359817705  0.7684997304322112
7.8125  0.3904522009516791  0.7685840098277968
8.0078125  0.3899246947510344  0.7686607358969745
8.203125  0.38951777757280737  0.7687301214689661
8.3984375  0.38922741326067184  0.7687924598539047
8.59375  0.3890479112457683  0.7688480974903315
8.7890625  0.3889729666773033  0.7688974202640927
8.984375  0.3889963472794026  0.7689408416130181
9.1796875  0.389112092984466  0.7689787895911143
9.375  0.38931447001979075  0.7690116945976152
9.5703125  0.3895978849447329  0.7690399794783329
9.765625  0.389956832770736  0.7690640523733886
9.9609375  0.39038587664542923  0.7690843018923191
10.15625  0.39087964086535393  0.769101094049817
10.3515625  0.39143280700978905  0.7691147705080189
10.546875  0.3920401109260064  0.7691256478005226
10.7421875  0.39269634107435814  0.7691340172941972
10.9375  0.3933963387966233  0.7691401456918122
11.1328125  0.3941350005861355  0.7691442759182552
11.328125  0.3949072822280618  0.7691466282735009
11.5234375  0.39570820461542733  0.7691474017685902
11.71875  0.3965328610370611  0.7691467755765115
11.9140625  0.39737642570507287  0.7691449105300849
12.109375  0.3982341632813654  0.7691419505989059
12.3046875  0.39910143914779  0.7691380242952031
12.5  0.399973730174138  0.7691332459940997
12.6953125  0.40084663573988966  0.76912771718913
12.890625  0.4017158887807457  0.7691215277131069
13.0859375  0.4025773666443857  0.7691147569326563
13.28125  0.4034271015581621  0.769107474890123
13.4765625  0.40426129053659093  0.7690997433492712
13.671875  0.4050763045764874  0.7690916167155071
13.8671875  0.4058686970276094  0.7690831428344338
14.0625  0.4066352110167955  0.7690743637008967
14.2578125  0.40737278584694697  0.7690653161133969
14.453125  0.40807856229955036  0.7690560322917156
14.6484375  0.4087498868257114  0.7690465404537296
14.84375  0.4093843146023168  0.7690368653384806
15.0390625  0.4099796114505858  0.7690270286676414
15.234375  0.4105337546351407  0.7690170495478043
15.4296875  0.41104493257701047  0.7690069448231536
15.625  0.4115115435437457  0.7689967293872721
15.8203125  0.4119321933784759  0.7689864164594803
16.015625  0.41230569233549086  0.7689760178278369
16.2109375  0.4126310510777467  0.7689655440609413
16.40625  0.4129074759145624  0.7689550046915753
16.6015625  0.41313436335710646  0.7689444083757457
16.796875  0.4133112940852627  0.7689337630304561
16.9921875  0.4134380264212716  0.7689230759526854
17.1875  0.4135144893950404  0.7689123539217858
17.3828125  0.4135407754753984  0.7689016032872299
17.578125  0.4135171330192728  0.7688908300434737
17.7734375  0.41344395849385795  0.7688800398935354
17.96875  0.4133217885354613  0.7688692383025751
18.1640625  0.41315129192057337  0.7688584305426985
18.359375  0.4129332615088507  0.768847621729991
18.5546875  0.41266860619627815  0.7688368168548158
18.75  0.41235834290591084  0.7688260208063142
18.9453125  0.412003588656547  0.7688152383921878
19.140625  0.4116055527536653  0.7688044743547059
19.3359375  0.41116552912087484  0.7687937333835904
19.53125  0.41068488877563714  0.7687830201260927
19.7265625  0.41016507244649336  0.7687723391946012
19.921875  0.4096075833607546  0.7687616951723051
20.1171875  0.40901398023838625  0.768751092617289
20.3125  0.408385870497364  0.7687405360655595
20.5078125  0.4077249036572569  0.7687300300326907
20.703125  0.40703276490230117  0.7687195790140219
20.8984375  0.40631116882316326  0.7687091874836712
21.09375  0.40556185338137446  0.7686988598928581
21.2890625  0.40478657412263447  0.7686886006677894
21.484375  0.4039870986034546  0.7686784142070096
21.6796875  0.40316520098471437  0.7686683048775305
21.875  0.4023226567669017  0.7686582770097072
22.0703125  0.4014612377219787  0.7686483348913422
22.265625  0.4005827070797509  0.7686384827617055
22.4609375  0.3996888149873926  0.7686287248056235
22.65625  0.3987812941865839  0.768619065147272
22.8515625  0.3978618558371009  0.7686095078426755
23.046875  0.396932185463278  0.7686000568710575
23.2421875  0.3959939390965478  0.7685907161254879
23.4375  0.39504873969307963  0.7685814894038457
23.6328125  0.39409817387370083  0.7685723804006255
23.828125  0.393143788952408  0.7685633926992583
24.0234375  0.39218709016949876  0.7685545297643016
24.21875  0.3912295380737804  0.7685457949328773
24.4140625  0.39027254605085754  0.7685371914052767
24.609375  0.38931747804738775  0.7685287222353941
24.8046875  0.3883656465504237  0.7685203903216823
25.0  0.3874183108660766  0.7685121983989796
25.1953125  0.3864766756793457  0.7685041490314029
25.390625  0.38554188987388555  0.7684962446060789
25.5859375  0.3846150455795517  0.7684884873274017
25.78125  0.38369717742669784  0.7684808792118056
25.9765625  0.3827892619990422  0.768473422083035
26.171875  0.38189221748890834  0.7684661175680347
26.3671875  0.38100690356552064  0.7684589670935102
26.5625  0.38013412144134245  0.7684519718833447
26.7578125  0.3792746141372321  0.7684451329568849
26.953125  0.3784290669414747  0.7684384511280475
27.1484375  0.37759810804194677  0.7684319270052049
27.34375  0.376782309326163  0.768425560991947
27.5390625  0.37598218733878824  0.7684193532886465
27.734375  0.37519820438107876  0.7684133038947197
27.9296875  0.3744307697450211  0.7684074126117215
28.125  0.3736802410693489  0.7684016790470466
28.3203125  0.3729469258034048  0.7683961026183161
28.515625  0.372231082769853  0.7683906825584139
28.7109375  0.3715329238127279  0.7683854179210138
28.90625  0.37085261551900944  0.7683803075866944
29.1015625  0.3701902810059591  0.7683753502694569
29.296875  0.36954600175698044  0.768370544523676
29.4921875  0.3689198194999514  0.7683658887514082
29.6875  0.36831173811729845  0.768361381210014
29.8828125  0.36772172557728755  0.7683570200199763
30.078125  0.36714971587572903  0.7683528031729743
30.2734375  0.3665956109829618  0.7683487285400935
30.46875  0.36605928278483635  0.7683447938801359
30.6640625  0.36554057501233955  0.768340996847987
30.859375  0.3650393051510155  0.7683373350029624
31.0546875  0.364555266323599  0.7683338058172219
31.25  0.3640882291443456  0.7683304066840501
31.4453125  0.3636379435336652  0.7683271349260536
31.640625  0.3632041404916852  0.7683239878032313
31.8359375  0.3627865338270426  0.7683209625209101
32.03125  0.3623848218354031  0.768318056237505
32.2265625  0.36199868892666687  0.7683152660720365
32.421875  0.36162780719550414  0.7683125891114553
32.6171875  0.36127183793598994  0.768310022417734
32.8125  0.36093043309709927  0.7683075630346804
33.0078125  0.36060323667613436  0.7683052079945015
33.203125  0.3602898860522602  0.7683029543240865
33.3984375  0.35999001325760804  0.768300799051011
33.59375  0.35970324618535393  0.7682987392092383
33.7890625  0.359429209735382  0.7682967718445238
33.984375  0.3591675268974832  0.7682948940195365
34.1796875  0.35891781977308007  0.7682931028186802
34.375  0.35867971053477693  0.7682913953526093
34.5703125  0.35845282232599474  0.768289768762446
34.765625  0.3582367801011109  0.7682882202237175
34.9609375  0.35803121140715094  0.7682867469499887
35.15625  0.35783574710835153  0.7682853461962249
35.3515625  0.3576500220554222  0.7682840152618632
35.546875  0.35747367570044775  0.7682827514936224
35.7421875  0.35730635265968774  0.7682815522880438
35.9375  0.3571477032255874  0.768280415093769
36.1328125  0.35699738382929996  0.7682793374135702
36.328125  0.35685505745655227  0.7682783168061474
36.5234375  0.35672039401780165  0.7682773508876811
36.71875  0.3565930706748163  0.7682764373331658
36.9140625  0.3564727721256838  0.7682755738775298
37.109375  0.3563591908499557  0.7682747583165429
37.3046875  0.3562520273159717  0.7682739885075358
37.5  0.3561509901522768  0.7682732623699303
37.6953125  0.35605579628474776  0.7682725778855851
37.890625  0.35596617104134737  0.7682719330989765
38.0859375  0.3558818482265991  0.7682713261172238
38.28125  0.35580257016751876  0.7682707551099627
38.4765625  0.3557280877326015  0.768270218309071
38.671875  0.3556581603257546  0.7682697140082717
38.8671875  0.3555925558570564  0.7682692405626078
39.0625  0.3555310506915977  0.7682687963878063
39.2578125  0.35547342957848893  0.76826837995953
39.453125  0.35541948556142305  0.7682679898125394
39.6484375  0.3553690198723567  0.768267624539761
39.84375  0.35532184180976606  0.7682672827912755
40.0390625  0.35527776860314725  0.7682669632732334
40.234375  0.3552366252649139  0.7682666647467015
40.4296875  0.3551982444310432  0.7682663860264544
40.625  0.3551624661920058  0.7682661259797133
40.8203125  0.3551291379150476  0.768265883524838
41.015625  0.35509811405892283  0.7682656576299823
41.2109375  0.3550692559824014  0.7682654473117176
41.40625  0.3550424317475138  0.7682652516336279
41.6015625  0.35501751591853664  0.7682650697048873
41.796875  0.3549943893577466  0.7682649006788193
41.9921875  0.3549729390187955  0.7682647437514489
42.1875  0.3549530577385414  0.7682645981600486
42.3828125  0.35493464402814323  0.7682644631816814
42.578125  0.35491760186419585  0.7682643381317518
42.7734375  0.35490184048053147  0.7682642223625605
42.96875  0.354887274161356  0.7682641152618727
43.1640625  0.35487382203630474  0.7682640162515003
43.359375  0.35486140787789083  0.7682639247859023
43.5546875  0.35484995990189266  0.7682638403508057
43.75  0.35483941057108076  0.7682637624618501
43.9453125  0.3548296964027038  0.7682636906632584
44.140625  0.35482075778004624  0.7682636245265343
44.3359375  0.35481253876837693  0.7682635636491909
44.53125  0.3548049869355668  0.7682635076535101
44.7265625  0.35479805317755075  0.7682634561853346
44.921875  0.354791691548887  0.7682634089128952
45.1171875  0.3547858590985345  0.7682633655256711
45.3125  0.35478051571096836  0.7682633257332887
45.5078125  0.3547756239527359  0.7682632892644542
45.703125  0.35477114892450723  0.7682632558659256
45.8984375  0.3547670581186691  0.7682632253015198
46.09375  0.3547633212824661  0.7682631973511592
46.2890625  0.3547599102866779  0.7682631718099528
46.484375  0.3547567989998053  0.768263148487318
46.6796875  0.3547539631677102  0.7682631272061359
46.875  0.35475138029864506  0.7682631078019454
47.0703125  0.35474902955359566  0.7682630901221728
47.265625  0.3547468916418214  0.7682630740253957
47.4609375  0.3547449487215054  0.7682630593806429
47.65625  0.35474318430537904  0.7682630460667282
47.8515625  0.35474158317120236  0.7682630339716172
48.046875  0.3547401312769622  0.768263022991825
48.2421875  0.35473881568063187  0.7682630130318489
48.4375  0.3547376244643674  0.7682630040036275
48.6328125  0.35473654666296733  0.7682629958260319
48.828125  0.3547355721964493  0.7682629884243845
49.0234375  0.3547346918065833  0.7682629817300058
49.21875  0.3547338969972264  0.7682629756797865
49.4140625  0.3547331799782944  0.7682629702157856
49.609375  0.3547325336132176  0.7682629652848536
49.8046875  0.35473195136971447  0.7682629608382779
50.0  0.354731427273737  0.7682629568314499
50.1953125  0.3547309558664279  0.7682629532235553
50.390625  0.3547305321639413  0.7682629499772827
50.5859375  0.3547301516199782  0.7682629470585524
50.78125  0.3547298100908932  0.7682629444362625
50.9765625  0.35472950380323487  0.7682629420820536
51.171875  0.35472922932358064  0.7682629399700883
51.3671875  0.35472898353053284  0.7682629380768474
51.5625  0.3547287635887591  0.7682629363809398
51.7578125  0.354728566924942  0.7682629348629263
51.953125  0.35472839120553185  0.7682629335051567
52.1484375  0.3547282343161815  0.7682629322916189
52.34375  0.35472809434276276  0.7682629312077984
52.5390625  0.35472796955385566  0.7682629302405496
52.734375  0.3547278583846196  0.7682629293779774
52.9296875  0.35472775942194573  0.7682629286093262
53.125  0.3547276713908103  0.7682629279248798
53.3203125  0.354727593141736  0.7682629273158678
53.515625  0.3547275236392956  0.7682629267743802
53.7109375  0.3547274619515666  0.768262926293289
53.90625  0.35472740724048213  0.7682629258661768
54.1015625  0.35472735875300304  0.7682629254872694
54.296875  0.3547273158130494  0.7682629251513775
54.4921875  0.35472727781413815  0.7682629248538398
54.6875  0.3547272442126676  0.7682629245904737
54.8828125  0.35472721452179884  0.7682629243575285
55.078125  0.3547271883058879  0.7682629241516443
55.2734375  0.35472716517542363  0.7682629239698132
55.46875  0.35472714478242584  0.7682629238093454
55.6640625  0.35472712681627566  0.7682629236678366
55.859375  0.35472711099992943  0.76826292354314
56.0546875  0.3547270970864929  0.7682629234333404
56.25  0.3547270848561189  0.7682629233367303
56.4453125  0.35472707411320525  0.7682629232517891
56.640625  0.3547270646838644  0.7682629231771633
56.8359375  0.3547270564136356  0.768262923111649
57.03125  0.3547270491654298  0.7682629230541769
57.2265625  0.354727042817673  0.7682629230037975
57.421875  0.35472703726263793  0.7682629229596686
57.6171875  0.3547270324049463  0.7682629229210434
57.8125  0.3547270281602193  0.7682629228872611
58.0078125  0.35472702445387233  0.7682629228577363
58.203125  0.3547270212200294  0.7682629228319521
58.3984375  0.3547270184005546  0.7682629228094513
58.59375  0.35472701594418404  0.7682629227898304
58.7890625  0.3547270138057497  0.7682629227727339
58.984375  0.3547270119454874  0.7682629227578478
59.1796875  0.3547270103284173  0.7682629227448965
59.375  0.3547270089237954  0.7682629227336365
59.5703125  0.35472700770461923  0.7682629227238545
59.765625  0.354727006647195  0.768262922715363
59.9609375  0.3547270057307459  0.768262922707997
60.15625  0.35472700493706993  0.7682629227016123
60.3515625  0.35472700425023185  0.7682629226960823
60.546875  0.3547270036562939  0.768262922691296
60.7421875  0.3547270031430737  0.7682629226871569
60.9375  0.35472700269993285  0.7682629226835799
61.1328125  0.3547270023175872  0.7682629226804908
61.328125  0.35472700198794227  0.7682629226778255
61.5234375  0.35472700170394694  0.7682629226755271
61.71875  0.3547270014594616  0.768262922673547
61.9140625  0.3547270012491472  0.7682629226718422
62.109375  0.35472700106836236  0.7682629226703755
62.3046875  0.3547270009130778  0.7682629226691148
62.5  0.35472700077979546  0.7682629226680316
62.6953125  0.35472700066548396  0.7682629226671019
62.890625  0.35472700056751594  0.7682629226663045
63.0859375  0.35472700048361755  0.768262922665621
63.28125  0.35472700041182215  0.7682629226650358
63.4765625  0.35472700035042953  0.768262922664535
63.671875  0.35472700029797166  0.7682629226641067
63.8671875  0.35472700025318177  0.7682629226637406
64.0625  0.3547270002149672  0.7682629226634282
64.2578125  0.35472700018238784  0.7682629226631614
64.453125  0.35472700015463304  0.7682629226629341
64.6484375  0.3547270001310062  0.7682629226627404
64.84375  0.35472700011090796  0.7682629226625755
65.0390625  0.35472700009382485  0.7682629226624353
65.234375  0.3547270000793147  0.768262922662316
65.4296875  0.3547270000669996  0.7682629226622147
65.625  0.3547270000565554  0.7682629226621289
65.8203125  0.3547270000477042  0.768262922662056
66.015625  0.3547270000402087  0.7682629226619941
66.2109375  0.35472700003386615  0.7682629226619418
66.40625  0.35472700002850344  0.7682629226618977
66.6015625  0.35472700002397195  0.7682629226618602
66.796875  0.35472700002014657  0.7682629226618286
66.9921875  0.3547270000169191  0.7682629226618019
67.1875  0.3547270000141982  0.7682629226617794
67.3828125  0.35472700001190616  0.7682629226617604
67.578125  0.3547270000099768  0.7682629226617445
67.7734375  0.3547270000083539  0.7682629226617309
67.96875  0.35472700000699003  0.7682629226617196
68.1640625  0.35472700000584423  0.76826292266171
68.359375  0.3547270000048828  0.7682629226617023
68.5546875  0.35472700000407653  0.7682629226616954
68.75  0.3547270000034012  0.7682629226616898
68.9453125  0.3547270000028355  0.7682629226616852
69.140625  0.3547270000023621  0.7682629226616811
69.3359375  0.35472700000196633  0.7682629226616778
69.53125  0.3547270000016357  0.7682629226616751
69.7265625  0.35472700000135954  0.7682629226616726
69.921875  0.35472700000112956  0.7682629226616708
70.1171875  0.35472700000093754  0.7682629226616692
70.3125  0.35472700000077756  0.7682629226616678
70.5078125  0.3547270000006444  0.7682629226616667
70.703125  0.3547270000005337  0.7682629226616657
70.8984375  0.3547270000004421  0.7682629226616651
71.09375  0.3547270000003655  0.7682629226616644
71.2890625  0.3547270000003021  0.768262922661664
71.484375  0.35472700000024965  0.7682629226616635
71.6796875  0.3547270000002061  0.7682629226616631
71.875  0.3547270000001699  0.7682629226616629
72.0703125  0.3547270000001401  0.7682629226616625
72.265625  0.3547270000001154  0.7682629226616623
72.4609375  0.3547270000000953  0.7682629226616621
72.65625  0.3547270000000783  0.7682629226616621
72.8515625  0.3547270000000642  0.7682629226616619
73.046875  0.3547270000000526  0.7682629226616617
73.2421875  0.35472700000004337  0.7682629226616617
73.4375  0.3547270000000359  0.7682629226616616
73.6328125  0.3547270000000296  0.7682629226616615
73.828125  0.35472700000002383  0.7682629226616614
74.0234375  0.35472700000001933  0.7682629226616614
74.21875  0.3547270000000159  0.7682629226616614
74.4140625  0.3547270000000138  0.7682629226616614
74.609375  0.3547270000000114  0.7682629226616614
74.8046875  0.3547270000000092  0.7682629226616614
75.0  0.3547270000000071  0.7682629226616614
75.1953125  0.3547270000000064  0.7682629226616613
75.390625  0.35472700000000545  0.7682629226616613
75.5859375  0.3547270000000051  0.7682629226616613
75.78125  0.3547270000000045  0.7682629226616613
75.9765625  0.3547270000000044  0.7682629226616614
76.171875  0.35472700000000396  0.7682629226616614
76.3671875  0.3547270000000037  0.7682629226616614
76.5625  0.35472700000000323  0.7682629226616614
76.7578125  0.3547270000000028  0.7682629226616614
76.953125  0.35472700000000223  0.7682629226616613
77.1484375  0.354727000000002  0.7682629226616614
77.34375  0.35472700000000157  0.7682629226616614
77.5390625  0.3547270000000014  0.7682629226616614
77.734375  0.35472700000000085  0.7682629226616614
77.9296875  0.3547270000000006  0.7682629226616614
78.125  0.3547270000000001  0.7682629226616614
78.3203125  0.354727  0.7682629226616614
78.515625  0.354727  0.7682629226616614
78.7109375  0.354727  0.7682629226616614
78.90625  0.354727  0.7682629226616614
79.1015625  0.354727  0.7682629226616614
79.296875  0.354727  0.7682629226616614
79.4921875  0.354727  0.7682629226616614
79.6875  0.354727  0.7682629226616614
79.8828125  0.354727  0.7682629226616614
80.078125  0.354727  0.7682629226616614
80.2734375  0.354727  0.7682629226616614
80.46875  0.354727  0.7682629226616614
80.6640625  0.354727  0.7682629226616614
80.859375  0.354727  0.7682629226616614
81.0546875  0.354727  0.7682629226616614
81.25  0.354727  0.7682629226616614
81.4453125  0.354727  0.7682629226616614
81.640625  0.354727  0.7682629226616614
81.8359375  0.354727  0.7682629226616614
82.03125  0.354727  0.7682629226616614
82.2265625  0.354727  0.7682629226616614
82.421875  0.354727  0.7682629226616614
82.6171875  0.354727  0.7682629226616614
82.8125  0.354727  0.7682629226616614
83.0078125  0.354727  0.7682629226616614
83.203125  0.354727  0.7682629226616614
83.3984375  0.354727  0.7682629226616614
83.59375  0.354727  0.7682629226616614
83.7890625  0.354727  0.7682629226616614
83.984375  0.354727  0.7682629226616614
84.1796875  0.354727  0.7682629226616614
84.375  0.354727  0.7682629226616614
84.5703125  0.354727  0.7682629226616614
84.765625  0.354727  0.7682629226616614
84.9609375  0.354727  0.7682629226616614
85.15625  0.354727  0.7682629226616614
85.3515625  0.354727  0.7682629226616614
85.546875  0.354727  0.7682629226616614
85.7421875  0.354727  0.7682629226616614
85.9375  0.354727  0.7682629226616614
86.1328125  0.354727  0.7682629226616614
86.328125  0.354727  0.7682629226616614
86.5234375  0.354727  0.7682629226616614
86.71875  0.354727  0.7682629226616614
86.9140625  0.354727  0.7682629226616614
87.109375  0.354727  0.7682629226616614
87.3046875  0.354727  0.7682629226616614
87.5  0.354727  0.7682629226616614
87.6953125  0.354727  0.7682629226616614
87.890625  0.354727  0.7682629226616614
88.0859375  0.354727  0.7682629226616614
88.28125  0.354727  0.7682629226616614
88.4765625  0.354727  0.7682629226616614
88.671875  0.354727  0.7682629226616614
88.8671875  0.354727  0.7682629226616614
89.0625  0.354727  0.7682629226616614
89.2578125  0.354727  0.7682629226616614
89.453125  0.354727  0.7682629226616614
89.6484375  0.354727  0.7682629226616614
89.84375  0.354727  0.7682629226616614
90.0390625  0.354727  0.7682629226616614
90.234375  0.354727  0.7682629226616614
90.4296875  0.354727  0.7682629226616614
90.625  0.354727  0.7682629226616614
90.8203125  0.354727  0.7682629226616614
91.015625  0.354727  0.7682629226616614
91.2109375  0.354727  0.7682629226616614
91.40625  0.354727  0.7682629226616614
91.6015625  0.354727  0.7682629226616614
91.796875  0.354727  0.7682629226616614
91.9921875  0.354727  0.7682629226616614
92.1875  0.354727  0.7682629226616614
92.3828125  0.354727  0.7682629226616614
92.578125  0.354727  0.7682629226616614
92.7734375  0.354727  0.7682629226616614
92.96875  0.354727  0.7682629226616614
93.1640625  0.354727  0.7682629226616614
93.359375  0.354727  0.7682629226616614
93.5546875  0.354727  0.7682629226616614
93.75  0.354727  0.7682629226616614
93.9453125  0.354727  0.7682629226616614
94.140625  0.354727  0.7682629226616614
94.3359375  0.354727  0.7682629226616614
94.53125  0.354727  0.7682629226616614
94.7265625  0.354727  0.7682629226616614
94.921875  0.354727  0.7682629226616614
95.1171875  0.354727  0.7682629226616614
95.3125  0.354727  0.7682629226616614
95.5078125  0.354727  0.7682629226616614
95.703125  0.354727  0.7682629226616614
95.8984375  0.354727  0.7682629226616614
96.09375  0.354727  0.7682629226616614
96.2890625  0.354727  0.7682629226616614
96.484375  0.354727  0.7682629226616614
96.6796875  0.354727  0.7682629226616614
96.875  0.354727  0.7682629226616614
97.0703125  0.354727  0.7682629226616614
97.265625  0.354727  0.7682629226616614
97.4609375  0.354727  0.7682629226616614
97.65625  0.354727  0.7682629226616614
97.8515625  0.354727  0.7682629226616614
98.046875  0.354727  0.7682629226616614
98.2421875  0.354727  0.7682629226616614
98.4375  0.354727  0.7682629226616614
98.6328125  0.354727  0.7682629226616614
98.828125  0.354727  0.7682629226616614
99.0234375  0.354727  0.7682629226616614
99.21875  0.354727  0.7682629226616614
99.4140625  0.354727  0.7682629226616614
99.609375  0.354727  0.7682629226616614
99.8046875  0.354727  0.7682629226616614
100.0  0.354727  0.7682629226616614
