# x  v  cplus  (τ̂=1.5, t=80.0)
-100.0  0.8999999999999997  0.9378287234430512
-99.8046875  0.8999999999999997  0.9378287234430512
-99.609375  0.8999999999999997  0.9378287234430512
-99.4140625  0.8999999999999997  0.9378287234430512
-99.21875  0.8999999999999997  0.9378287234430512
-99.0234375  0.8999999999999998  0.9378287234430512
-98.828125  0.8999999999999997  0.9378287234430512
-98.6328125  0.8999999999999998  0.9378287234430512
-98.4375  0.8999999999999999  0.9378287234430511
-98.2421875  0.8999999999999999  0.9378287234430511
-98.046875  0.8999999999999998  0.937828723443051
-97.8515625  0.9  0.937828723443051
-97.65625  0.8999999999999999  0.9378287234430508
-97.4609375  0.9000000000000002  0.9378287234430508
-97.265625  0.9000000000000001  0.9378287234430508
-97.0703125  0.9000000000000001  0.9378287234430509
-96.875  0.8999999999999999  0.9378287234430508
-96.6796875  0.9000000000000001  0.9378287234430508
-96.484375  0.8999999999999999  0.9378287234430508
-96.2890625  0.9000000000000002  0.9378287234430511
-96.09375  0.9  0.9378287234430508
-95.8984375  0.9000000000000002  0.9378287234430511
-95.703125  0.8999999999999999  0.9378287234430508
-95.5078125  0.9000000000000008  0.9378287234430511
-95.3125  0.9000000000000002  0.9378287234430508
-95.1171875  0.9000000000000002  0.937828723443051
-94.921875  0.9000000000000008  0.9378287234430511
-94.7265625  0.9000000000000001  0.9378287234430507
-94.53125  0.9000000000000016  0.9378287234430511
-94.3359375  0.899999999999999  0.9378287234430505
-94.140625  0.9000000000000022  0.9378287234430517
-93.9453125  0.899999999999998  0.93782872344305
-93.75  0.9000000000000038  0.9378287234430521
-93.5546875  0.8999999999999961  0.9378287234430495
-93.359375  0.9000000000000046  0.9378287234430527
-93.1640625  0.8999999999999946  0.9378287234430489
-92.96875  0.9000000000000054  0.9378287234430532
-92.7734375  0.8999999999999939  0.9378287234430486
-92.578125  0.900000000000006  0.9378287234430532
-92.3828125  0.8999999999999939  0.9378287234430488
-92.1875  0.9000000000000042  0.937828723443053
-91.9921875  0.8999999999999958  0.9378287234430497
-91.796875  0.9000000000000009  0.9378287234430517
-91.6015625  0.9000000000000008  0.9378287234430516
-91.40625  0.8999999999999957  0.9378287234430496
-91.2109375  0.9000000000000082  0.9378287234430545
-91.015625  0.8999999999999876  0.9378287234430462
-90.8203125  0.9000000000000173  0.937828723443058
-90.625  0.8999999999999777  0.9378287234430424
-90.4296875  0.9000000000000267  0.9378287234430619
-90.234375  0.8999999999999697  0.937828723443039
-90.0390625  0.900000000000034  0.9378287234430644
-89.84375  0.8999999999999663  0.9378287234430374
-89.6484375  0.9000000000000338  0.9378287234430642
-89.453125  0.899999999999971  0.9378287234430392
-89.2578125  0.9000000000000226  0.9378287234430597
-89.0625  0.8999999999999887  0.9378287234430464
-88.8671875  0.8999999999999969  0.9378287234430498
-88.671875  0.9000000000000205  0.9378287234430592
-88.4765625  0.8999999999999593  0.9378287234430348
-88.28125  0.9000000000000637  0.9378287234430764
-88.0859375  0.8999999999999133  0.9378287234430163
-87.890625  0.9000000000001083  0.9378287234430946
-87.6953125  0.8999999999998725  0.9378287234429998
-87.5  0.9000000000001406  0.937828723443108
-87.3046875  0.8999999999998551  0.9378287234429924
-87.109375  0.9000000000001399  0.9378287234431076
-86.9140625  0.8999999999998799  0.937828723443002
-86.71875  0.9000000000000863  0.9378287234430865
-86.5234375  0.8999999999999637  0.9378287234430353
-86.328125  0.899999999999971  0.9378287234430405
-86.1328125  0.900000000000109  0.9378287234430938
-85.9375  0.8999999999998005  0.9378287234429716
-85.7421875  0.9000000000002973  0.9378287234431697
-85.546875  0.8999999999996063  0.9378287234428929
-85.3515625  0.9000000000004816  0.937828723443245
-85.15625  0.8999999999994475  0.9378287234428282
-84.9609375  0.9000000000005944  0.9378287234432916
-84.765625  0.8999999999994017  0.9378287234428084
-84.5703125  0.9000000000005534  0.9378287234432765
-84.375  0.8999999999995463  0.9378287234428655
-84.1796875  0.9000000000002922  0.9378287234431724
-83.984375  0.8999999999999302  0.9378287234430198
-83.7890625  0.8999999999997871  0.9378287234429686
-83.59375  0.9000000000005433  0.9378287234432674
-83.3984375  0.89999999999909  0.9378287234426866
-83.203125  0.90000000000129  0.9378287234435697
-83.0078125  0.8999999999983426  0.9378287234423833
-82.8125  0.900000000001983  0.9378287234438509
-82.6171875  0.8999999999977684  0.9378287234421501
-82.421875  0.9000000000023701  0.9378287234440079
-82.2265625  0.8999999999976345  0.9378287234420966
-82.03125  0.9000000000021904  0.9378287234439342
-81.8359375  0.8999999999981777  0.9378287234423183
-81.640625  0.9000000000012536  0.9378287234435517
-81.4453125  0.8999999999995154  0.9378287234428635
-81.25  0.8999999999995323  0.9378287234428508
-81.0546875  0.9000000000015692  0.9378287234436992
-80.859375  0.8999999999972274  0.9378287234419149
-80.6640625  0.9000000000040149  0.9378287234446901
-80.46875  0.8999999999947794  0.9378287234409263
-80.2734375  0.9000000000063052  0.9378287234456106
-80.078125  0.8999999999928199  0.9378287234401451
-79.8828125  0.9000000000077591  0.9378287234461812
-79.6875  0.8999999999920387  0.9378287234398535
-79.4921875  0.9000000000077212  0.9378287234461344
-79.296875  0.8999999999930101  0.9378287234402832
-79.1015625  0.9000000000057464  0.9378287234452942
-78.90625  0.8999999999960057  0.937828723441538
-78.7109375  0.9000000000017707  0.9378287234436442
-78.515625  0.900000000000856  0.9378287234435372
-78.3203125  0.8999999999962097  0.9378287234413676
-78.125  0.9000000000069035  0.9378287234459971
-77.9296875  0.8999999999899466  0.9378287234388387
-77.734375  0.9000000000130726  0.9378287234484659
-77.5390625  0.8999999999842028  0.9378287234365669
-77.34375  0.9000000000180568  0.9378287234504035
-77.1484375  0.8999999999803046  0.9378287234350952
-76.953125  0.900000000020578  0.9378287234512931
-76.7578125  0.8999999999794065  0.9378287234348833
-76.5625  0.90000000001967  0.937828723450759
-76.3671875  0.8999999999822292  0.9378287234361995
-76.171875  0.900000000014906  0.937828723448659
-75.9765625  0.8999999999888711  0.9378287234390476
-75.78125  0.9000000000065336  0.9378287234451339
-75.5859375  0.899999999998742  0.9378287234431449
-75.390625  0.8999999999954723  0.9378287234405992
-75.1953125  0.900000000010622  0.9378287234479578
-75.0  0.8999999999831972  0.9378287234356865
-74.8046875  0.9000000000228344  0.9378287234527803
-74.609375  0.8999999999715237  0.9378287234311478
-74.4140625  0.9000000000334916  0.9378287234568435
-74.21875  0.899999999962344  0.9378287234277414
-74.0234375  0.9000000000407653  0.9378287234594279
-73.828125  0.8999999999573569  0.9378287234261211
-73.6328125  0.9000000000431467  0.9378287234599685
-73.4375  0.8999999999578261  0.9378287234267435
-73.2421875  0.9000000000396638  0.9378287234581356
-73.046875  0.8999999999643951  0.9378287234297985
-72.8515625  0.9000000000300347  0.9378287234538873
-72.65625  0.8999999999769615  0.9378287234351725
-72.4609375  0.9000000000147548  0.9378287234474938
-72.265625  0.8999999999946318  0.9378287234424407
-72.0703125  0.8999999999951094  0.9378287234395306
-71.875  0.9000000000157505  0.9378287234508881
-71.6796875  0.8999999999730984  0.9378287234308386
-71.484375  0.9000000000380121  0.9378287234595633
-71.2890625  0.8999999999512809  0.9378287234224563
-71.09375  0.9000000000586594  0.9378287234673653
-70.8984375  0.8999999999325392  0.9378287234155211
-70.703125  0.9000000000747664  0.9378287234731546
-70.5078125  0.8999999999197641  0.9378287234111419
-70.3125  0.9000000000835682  0.9378287234758869
-70.1171875  0.8999999999154997  0.9378287234102604
-69.921875  0.9000000000828307  0.937828723474756
-69.7265625  0.8999999999215812  0.9378287234135132
-69.53125  0.9000000000711968  0.9378287234693263
-69.3359375  0.8999999999388172  0.937828723421112
-69.140625  0.9000000000484697  0.9378287234596332
-68.9453125  0.8999999999667563  0.9378287234327615
-68.75  0.9000000000157751  0.9378287234462357
-68.5546875  0.9000000000035876  0.9378287234476355
-68.359375  0.8999999999755861  0.9378287234302143
-68.1640625  0.9000000000462082  0.9378287234644183
-67.96875  0.8999999999315808  0.9378287234130983
-67.7734375  0.9000000000904461  0.9378287234814051
-67.578125  0.8999999998883379  0.9378287233967298
-67.3828125  0.9000000001314279  0.9378287234966596
-67.1875  0.8999999998509011  0.9378287233830837
-66.9921875  0.9000000001640616  0.9378287235082162
-66.796875  0.8999999998242689  0.9378287233740634
-66.6015625  0.9000000001835773  0.937828723514293
-66.40625  0.8999999998128573  0.9378287233712835
-66.2109375  0.9000000001860511  0.937828723513492
-66.015625  0.8999999998199854  0.937828723375879
-65.8203125  0.9000000001688653  0.9378287235049725
-65.625  0.8999999998474727  0.9378287233883624
-65.4296875  0.9000000001310616  0.9378287234885726
-65.234375  0.8999999998953696  0.9378287234085348
-65.0390625  0.900000000073529  0.9378287234648603
-64.84375  0.8999999999618474  0.9378287234354662
-64.6484375  0.8999999999990197  0.9378287234351153
-64.453125  0.9000000000432682  0.9378287234675462
-64.2578125  0.8999999999119956  0.9378287234012467
-64.0625  0.9000000001344227  0.9378287235026004
-63.8671875  0.899999999818319  0.9378287233656528
-63.671875  0.9000000002289031  0.9378287235380548
-63.4765625  0.8999999997248248  0.9378287233310365
-63.28125  0.90000000031958  0.937828723571131
-63.0859375  0.8999999996388055  0.937828723300196
-62.890625  0.9000000003991303  0.9378287235990617
-62.6953125  0.8999999995674748  0.9378287232758151
-62.5  0.900000000460582  0.9378287236192974
-62.3046875  0.8999999995174398  0.9378287232602633
-62.109375  0.9000000004978129  0.9378287236296917
-61.9140625  0.8999999994942274  0.9378287232554254
-61.71875  0.900000000505984  0.9378287236286541
-61.5234375  0.8999999995019072  0.9378287232625724
-61.328125  0.9000000004818665  0.9378287236152545
-61.1328125  0.8999999995428147  0.9378287232822772
-60.9375  0.9000000004240547  0.9378287235892835
-60.7421875  0.8999999996174008  0.9378287233143827
-60.546875  0.9000000003330599  0.9378287235512631
-60.3515625  0.8999999997242021  0.9378287233580124
-60.15625  0.900000000211279  0.9378287235024113
-59.9609375  0.8999999998599253  0.9378287234116249
-59.765625  0.9000000000628504  0.9378287234445664
-59.5703125  0.9000000000196442  0.9378287234731125
-59.375  0.8999999998934134  0.9378287233800772
-59.1796875  0.9000000001970926  0.9378287235399224
-58.984375  0.8999999997097755  0.937828723311662
-58.7890625  0.900000000385014  0.9378287236092059
-58.59375  0.8999999995195366  0.9378287232422585
-58.3984375  0.9000000005755623  0.9378287236779769
-58.203125  0.8999999993307  0.9378287231748683
-58.0078125  0.9000000007606758  0.9378287237432534
-57.8125  0.8999999991512957  0.9378287231124184
-57.6171875  0.9000000009324336  0.9378287238021903
-57.421875  0.8999999989890596  0.9378287230576479
-57.2265625  0.9000000010833601  0.9378287238521809
-57.03125  0.8999999988511386  0.9378287230130076
-56.8359375  0.9000000012066957  0.9378287238909466
-56.640625  0.8999999987438342  0.9378287229805836
-56.4453125  0.9000000012966585  0.9378287239166171
-56.25  0.8999999986723618  0.9378287229620166
-56.0546875  0.9000000013486589  0.9378287239277975
-55.859375  0.8999999986406391  0.9378287229584391
-55.6640625  0.9000000013594793  0.9378287239236253
-55.46875  0.8999999986511609  0.9378287229704396
-55.2734375  0.9000000013273624  0.9378287239037888
-55.078125  0.8999999987049517  0.9378287229980568
-54.8828125  0.9000000012519972  0.9378287238685095
-54.6875  0.899999998801627  0.9378287230408202
-54.4921875  0.9000000011344288  0.9378287238184909
-54.296875  0.8999999989395221  0.9378287230978143
-54.1015625  0.900000000976906  0.9378287237548453
-53.90625  0.8999999991158528  0.9378287231677511
-53.7109375  0.9000000007827045  0.9378287236790142
-53.515625  0.8999999993268908  0.937828723249048
-53.3203125  0.9000000005559557  0.9378287235927024
-53.125  0.8999999995681416  0.9378287233398971
-52.9296875  0.9000000003014752  0.9378287234978083
-52.734375  0.8999999998345127  0.9378287234383276
-52.5390625  0.9000000000245965  0.9378287233963633
-52.34375  0.9000000001204729  0.9378287235422612
-52.1484375  0.8999999997310092  0.9378287232904758
-51.953125  0.900000000420213  0.9378287236495692
-51.7578125  0.8999999994265998  0.9378287231822787
-51.5625  0.9000000007278095  0.9378287237581286
-51.3671875  0.8999999991172877  0.9378287230738735
-51.171875  0.9000000010373871  0.9378287238658752
-50.9765625  0.8999999988088648  0.9378287229672735
-50.78125  0.9000000013432728  0.9378287239708574
-50.5859375  0.8999999985068506  0.9378287228643569
-50.390625  0.9000000016401293  0.9378287240712807
-50.1953125  0.8999999982163782  0.9378287227668308
-50.0  0.9000000019230573  0.9378287241655364
-49.8046875  0.8999999979420937  0.9378287226761983
-49.609375  0.9000000021876793  0.9378287242522254
-49.4140625  0.8999999976880787  0.9378287225937425
-49.21875  0.9000000024302185  0.9378287243301836
-49.0234375  0.8999999974577977  0.9378287225205117
-48.828125  0.9000000026475352  0.9378287243984855
-48.6328125  0.899999997254074  0.9378287224573116
-48.4375  0.9000000028371133  0.9378287244564363
-48.2421875  0.8999999970791167  0.9378287224047295
-48.046875  0.9000000029970404  0.9378287245035548
-47.8515625  0.899999996934559  0.9378287223631502
-47.65625  0.9000000031259642  0.9378287245395471
-47.4609375  0.8999999968214747  0.9378287223327726
-47.265625  0.900000003223073  0.9378287245643027
-47.0703125  0.8999999967404155  0.9378287223136242
-46.875  0.9000000032880625  0.9378287245778762
-46.6796875  0.899999996691463  0.9378287223055766
-46.484375  0.9000000033210577  0.937828724580461
-46.2890625  0.899999996674306  0.937828722308379
-46.09375  0.9000000033225317  0.9378287245723552
-45.8984375  0.899999996688325  0.9378287223216935
-45.703125  0.9000000032932409  0.9378287245539342
-45.5078125  0.8999999967326408  0.9378287223451123
-45.3125  0.9000000032341745  0.9378287245256345
-45.1171875  0.8999999968061628  0.9378287223781734
-44.921875  0.9000000031465104  0.9378287244879399
-44.7265625  0.8999999969076472  0.9378287224203753
-44.53125  0.9000000030315409  0.9378287244413586
-44.3359375  0.8999999970357607  0.9378287224712049
-44.140625  0.9000000028906191  0.9378287243864036
-43.9453125  0.8999999971891425  0.937828722530158
-43.75  0.9000000027251178  0.9378287243235766
-43.5546875  0.8999999973664241  0.9378287225967414
-43.359375  0.9000000025363956  0.9378287242533575
-43.1640625  0.8999999975662588  0.9378287226704822
-42.96875  0.9000000023257685  0.9378287241762042
-42.7734375  0.8999999977873676  0.9378287227509426
-42.578125  0.9000000020944776  0.9378287240925366
-42.3828125  0.8999999980285586  0.9378287228377231
-42.1875  0.900000001843659  0.9378287240027291
-41.9921875  0.8999999982887426  0.9378287229304718
-41.796875  0.9000000015743485  0.9378287239071152
-41.6015625  0.8999999985669458  0.9378287230288805
-41.40625  0.9000000012874692  0.9378287238059818
-41.2109375  0.8999999988623058  0.9378287231326812
-41.015625  0.9000000009838172  0.9378287236995696
-40.8203125  0.8999999991740777  0.9378287232416526
-40.625  0.9000000006640789  0.9378287235880814
-40.4296875  0.8999999995016323  0.9378287233556153
-40.234375  0.9000000003288436  0.9378287234716833
-40.0390625  0.8999999998444272  0.9378287234744166
-39.84375  0.8999999999786077  0.9378287233505108
-39.6484375  0.900000000202001  0.9378287235979312
-39.453125  0.8999999996137913  0.9378287232246784
-39.2578125  0.90000000057397  0.9378287237260582
-39.0625  0.8999999992347517  0.9378287230942788
-38.8671875  0.9000000009600031  0.9378287238587112
-38.671875  0.899999998841798  0.9378287229593915
-38.4765625  0.900000001359807  0.9378287239958137
-38.28125  0.8999999984352093  0.9378287228200912
-38.0859375  0.9000000017731176  0.9378287241372948
-37.890625  0.8999999980152403  0.9378287226764469
-37.6953125  0.9000000021996899  0.9378287242830865
-37.5  0.8999999975821219  0.9378287225285232
-37.3046875  0.9000000026392952  0.9378287244331244
-37.109375  0.8999999971360833  0.937828722376387
-36.9140625  0.9000000030917152  0.9378287245873433
-36.71875  0.8999999966773412  0.9378287222201019
-36.5234375  0.9000000035567269  0.9378287247456758
-36.328125  0.8999999962061093  0.9378287220597358
-36.1328125  0.9000000040341198  0.9378287249080575
-35.9375  0.8999999957226072  0.9378287218953578
-35.7421875  0.9000000045236803  0.937828725074419
-35.546875  0.8999999952270499  0.9378287217270346
-35.3515625  0.9000000050251833  0.937828725244686
-35.15625  0.8999999947196544  0.9378287215548381
-34.9609375  0.900000005538409  0.9378287254187886
-34.765625  0.89999999420065  0.9378287213788465
-34.5703125  0.9000000060631361  0.9378287255966536
-34.375  0.8999999936702654  0.9378287211991324
-34.1796875  0.9000000065991248  0.9378287257781986
-33.984375  0.8999999931287349  0.9378287210157749
-33.7890625  0.9000000071461303  0.9378287259633432
-33.59375  0.8999999925763126  0.9378287208288615
-33.3984375  0.9000000077039042  0.9378287261520032
-33.203125  0.8999999920132541  0.9378287206384784
-33.0078125  0.900000008272181  0.937828726344088
-32.8125  0.8999999914398269  0.9378287204447162
-32.6171875  0.9000000088506864  0.9378287265395043
-32.421875  0.8999999908563167  0.9378287202476715
-32.2265625  0.9000000094391272  0.9378287267381511
-32.03125  0.8999999902630187  0.9378287200474469
-31.8359375  0.9000000100371996  0.9378287269399257
-31.640625  0.8999999896602485  0.937828719844151
-31.4453125  0.9000000106445877  0.9378287271447181
-31.25  0.8999999890483328  0.9378287196378934
-31.0546875  0.9000000112609466  0.9378287273524097
-30.859375  0.8999999884276181  0.937828719428795
-30.6640625  0.9000000118859192  0.9378287275628789
-30.46875  0.8999999877984783  0.937828719216986
-30.2734375  0.9000000125191282  0.9378287277759947
-30.078125  0.8999999871613021  0.9378287190025987
-29.8828125  0.9000000131601695  0.9378287279916178
-29.6875  0.8999999865165023  0.9378287187857768
-29.4921875  0.9000000138086183  0.9378287282096016
-29.296875  0.8999999858645198  0.9378287185666717
-29.1015625  0.9000000144640211  0.9378287284297883
-28.90625  0.8999999852058143  0.9378287183454431
-28.7109375  0.9000000151259037  0.9378287286520146
-28.515625  0.8999999845408752  0.9378287181222603
-28.3203125  0.9000000157937686  0.9378287288761088
-28.125  0.8999999838702155  0.9378287178972999
-27.9296875  0.9000000164670862  0.9378287291018883
-27.734375  0.8999999831943765  0.9378287176707495
-27.5390625  0.9000000171453052  0.9378287293291628
-27.34375  0.899999982513924  0.9378287174428039
-27.1484375  0.9000000178278506  0.9378287295577319
-26.953125  0.8999999818294391  0.9378287172136618
-26.7578125  0.9000000185141224  0.9378287297873908
-26.5625  0.8999999811415311  0.9378287169835348
-26.3671875  0.9000000192035028  0.9378287300179298
-26.171875  0.8999999804508407  0.9378287167526416
-25.9765625  0.9000000198953453  0.9378287302491239
-25.78125  0.8999999797580166  0.9378287165212035
-25.5859375  0.9000000205889812  0.9378287304807448
-25.390625  0.8999999790637306  0.9378287162894529
-25.1953125  0.9000000212837387  0.9378287307125655
-25.0  0.899999978368678  0.937828716057625
-24.8046875  0.9000000219789148  0.9378287309443437
-24.609375  0.8999999776735641  0.9378287158259587
-24.4140625  0.9000000226737808  0.9378287311758325
-24.21875  0.8999999769791248  0.9378287155947068
-24.0234375  0.9000000233676012  0.9378287314067831
-23.828125  0.8999999762861117  0.9378287153641248
-23.6328125  0.9000000240596212  0.9378287316369361
-23.4375  0.8999999755952842  0.9378287151344677
-23.2421875  0.9000000247490618  0.9378287318660278
-23.046875  0.8999999749074247  0.9378287149060026
-22.8515625  0.9000000254351325  0.9378287320937934
-22.65625  0.8999999742233444  0.9378287146790057
-22.4609375  0.9000000261170221  0.9378287323199549
-22.265625  0.8999999735438579  0.9378287144537505
-22.0703125  0.900000026793895  0.9378287325442298
-21.875  0.8999999728698013  0.9378287142305226
-21.6796875  0.9000000274649121  0.9378287327663368
-21.484375  0.8999999722020423  0.9378287140096147
-21.2890625  0.9000000281292008  0.9378287329859771
-21.09375  0.8999999715414544  0.9378287137913199
-20.8984375  0.90000002878586  0.9378287332028461
-20.703125  0.8999999708889382  0.9378287135759473
-20.5078125  0.9000000294339924  0.9378287334166421
-20.3125  0.8999999702454176  0.9378287133638086
-20.1171875  0.9000000300726694  0.9378287336270487
-19.921875  0.8999999696118268  0.9378287131552167
-19.7265625  0.9000000307009263  0.9378287338337399
-19.53125  0.8999999689891363  0.9378287129505035
-19.3359375  0.9000000313177872  0.9378287340363883
-19.140625  0.8999999683783466  0.9378287127500092
-18.9453125  0.900000031922252  0.9378287342346509
-18.75  0.8999999677804627  0.9378287125540704
-18.5546875  0.9000000325132855  0.9378287344281774
-18.359375  0.8999999671965254  0.9378287123630417
-18.1640625  0.9000000330898329  0.9378287346166133
-17.96875  0.8999999666276194  0.9378287121772907
-17.7734375  0.9000000336508028  0.9378287347995871
-17.578125  0.899999966074844  0.9378287119971919
-17.3828125  0.9000000341950779  0.937828734976719
-17.1875  0.8999999655393258  0.937828711823127
-16.9921875  0.9000000347215165  0.9378287351476229
-16.796875  0.8999999650222278  0.9378287116554888
-16.6015625  0.9000000352289292  0.9378287353118957
-16.40625  0.899999964524755  0.9378287114946874
-16.2109375  0.900000035716088  0.9378287354691204
-16.015625  0.8999999640481514  0.9378287113411486
-15.8203125  0.9000000361817392  0.9378287356188714
-15.625  0.8999999635936875  0.9378287111953044
-15.4296875  0.9000000366245935  0.9378287357607102
-15.234375  0.8999999631626666  0.9378287110575947
-15.0390625  0.900000037043307  0.9378287358941827
-14.84375  0.8999999627564519  0.9378287109284847
-14.6484375  0.9000000374364872  0.9378287360188184
-14.453125  0.8999999623764577  0.9378287108084614
-14.2578125  0.9000000378027068  0.9378287361341312
-14.0625  0.8999999620241255  0.9378287106980134
-13.8671875  0.9000000381404922  0.9378287362396185
-13.671875  0.8999999617009298  0.9378287105976403
-13.4765625  0.9000000384483109  0.9378287363347675
-13.28125  0.899999961408426  0.9378287105078763
-13.0859375  0.9000000387245727  0.9378287364190453
-12.890625  0.8999999611482341  0.9378287104292767
-12.6953125  0.9000000389676248  0.9378287364918889
-12.5  0.8999999609219955  0.9378287103623991
-12.3046875  0.9000000391757615  0.9378287365527257
-12.109375  0.8999999607314089  0.937828710307823
-11.9140625  0.9000000393472163  0.9378287366009747
-11.71875  0.8999999605782598  0.9378287102661567
-11.5234375  0.9000000394801315  0.9378287366360204
-11.328125  0.8999999604643988  0.9378287102380284
-11.1328125  0.900000039572563  0.9378287366572232
-10.9375  0.899999960391741  0.9378287102240861
-10.7421875  0.9000000396224854  0.9378287366639301
-10.546875  0.8999999603622757  0.9378287102249977
-10.3515625  0.900000039627786  0.9378287366554762
-10.15625  0.8999999603780655  0.9378287102414493
-9.9609375  0.9000000395862382  0.9378287366311812
-9.765625  0.8999999604413075  0.9378287102741474
-9.5703125  0.9000000394953999  0.9378287365903172
-9.375  0.8999999605543548  0.9378287103238425
-9.1796875  0.900000039352668  0.9378287365321375
-8.984375  0.8999999607196124  0.9378287103912896
-8.7890625  0.9000000391553793  0.9378287364559514
-8.59375  0.8999999609396045  0.9378287104771943
-8.3984375  0.9000000389004277  0.9378287363610426
-8.203125  0.8999999612173016  0.9378287105823565
-8.0078125  0.9000000385840968  0.9378287362465969
-7.8125  0.8999999615558021  0.9378287107076331
-7.6171875  0.9000000382024347  0.9378287361119608
-7.421875  0.8999999619579331  0.9378287108536854
-7.2265625  0.9000000377502503  0.9378287359566916
-7.03125  0.8999999624267245  0.9378287110213438
-6.8359375  0.9000000372189477  0.937828735780272
-6.640625  0.8999999629631485  0.9378287112119633
-6.4453125  0.9000000365940558  0.9378287355830144
-6.25  0.8999999635582225  0.9378287114272916
-6.0546875  0.9000000358423836  0.9378287353678415
-5.859375  0.8999999641742851  0.9378287116722451
-5.6640625  0.9000000348690123  0.9378287351432003
-5.46875  0.899999964675348  0.937828711963414
-5.2734375  0.9000000333917751  0.9378287349374957
-5.078125  0.8999999645897506  0.9378287123514616
-4.8828125  0.9000000305192178  0.937828734846678
-4.6875  0.8999999623475542  0.9378287130033327
-4.4921875  0.9000000233352176  0.937828735180717
-4.296875  0.8999999527286633  0.9378287144799788
-4.1015625  0.9000000022207165  0.9378287369633846
-3.90625  0.8999999182778435  0.9378287186461681
-3.7109375  0.8999999351549145  0.9378287436201613
-3.515625  0.8999998004845486  0.9378287317472588
-3.3203125  0.8999997147068797  0.9378287666335904
-3.125  0.8999994023882748  0.9378287748386763
-2.9296875  0.8999989786260222  0.9378288447123341
-2.734375  0.8999980579141081  0.9378289191239566
-2.5390625  0.8999965000074241  0.937829109024082
-2.34375  0.8999935060135545  0.9378294063047423
-2.1484375  0.8999881075331634  0.937830005536064
-1.953125  0.8999780475929968  0.9378310594708757
-1.7578125  0.8999595819856245  0.9378330541175842
-1.5625  0.8999254201487069  0.9378366850487246
-1.3671875  0.8998624345403574  0.9378434327769715
-1.171875  0.8997462592235643  0.9378558134040341
-0.9765625  0.8995327235235033  0.9378785766419131
-0.78125  0.8991428039564622  0.9379199324967128
-0.5859375  0.8984394916674888  0.9379939978110138
-0.390625  0.8971967786766694  0.9381229947333655
-0.1953125  0.8950715535534018  0.9383383009201736
0.0  0.8916138033292155  0.9386741381664474
0.1953125  0.8863280015452888  0.9391545594143504
0.390625  0.8787884665432171  0.9397799706479827
0.5859375  0.868757368884932  0.940521555238301
0.78125  0.8562012817765035  0.9413307686443503
0.9765625  0.8412183491158725  0.9421579944882486
1.171875  0.8239880917276132  0.9429650055420531
1.3671875  0.804718012959246  0.9437252929498439
1.5625  0.7836243237014024  0.9444242795900175
1.7578125  0.7609263407902815  0.9450554500517938
1.953125  0.7368431620800108  0.9456176968138085
2.1484375  0.7115915741879878  0.9461127156486524
2.34375  0.6853874539306708  0.9465438092481347
2.5390625  0.6584442189567744  0.9469147648805372
2.734375  0.6309763710824291  0.9472295431034357
2.9296875  0.6031981866135228  0.9474918208845141
3.125  0.5753289026988481  0.9477050505188531
3.3203125  0.5475937272323246  0.9478723313130056
3.515625  0.5202325561875359  0.9479966492298952
3.7109375  0.4935034801589103  0.9480809218574859
3.90625  0.4677003568060749  0.9481285837779367
4.1015625  0.44316306073435574  0.948143682003859
4.296875  0.42029583001896403  0.9481320371089639
4.4921875  0.3995879100420335  0.9481018581960797
4.6875  0.38160191899094775  0.9480646902778082
4.8828125  0.36693354616479584  0.9480357468324329
5.078125  0.35600211524006725  0.9480281271117628
5.2734375  0.3487673897486982  0.9480482648363384
5.46875  0.34466547418862825  0.9480953002616631
5.6640625  0.3428508991564202  0.9481631820348524
5.859375  0.34247893026942916  0.9482404063242948
6.0546875  0.34289695026335637  0.948317860810746
6.25  0.3436925694869914  0.9483918665839929
6.4453125  0.34463153916809336  0.9484605719237581
6.640625  0.34559346754257286  0.948523172937348
6.8359375  0.3465178477328036  0.9485796288555384
7.03125  0.3473785121464361  0.9486302483422624
7.2265625  0.3481651094894541  0.9486755167472068
7.421875  0.348877091351689  0.9487159382103842
7.6171875  0.3495173556543931  0.9487520176245758
7.8125  0.3500914649373537  0.9487842114228323
8.0078125  0.3506051158242932  0.9488129430434213
8.203125  0.3510645036192438  0.9488385835988941
8.3984375  0.3514751142369053  0.9488614689107957
8.59375  0.3518422772462694  0.9488818909628107
8.7890625  0.35217057301121174  0.9489001119621366
8.984375  0.35246431271437795  0.948916360371656
9.1796875  0.352727186161685  0.9489308409411685
9.375  0.3529625990329643  0.948943732607079
9.5703125  0.3531734696815027  0.9489551956138504
9.765625  0.3533624798827949  0.9489653706693013
9.9609375  0.3535319524388904  0.9489743839048181
10.15625  0.35368401151703965  0.9489823464709061
10.3515625  0.35382050151775685  0.9489893578996258
10.546875  0.35394309978671235  0.9489955060814376
10.7421875  0.35405327441785234  0.9490008696774115
10.9375  0.3541523605356187  0.9490055182744674
11.1328125  0.35424153174008  0.9490095140287128
11.328125  0.3543218494424295  0.9490129118780452
11.5234375  0.3543942494806138  0.9490157607265132
11.71875  0.35445957827619073  0.9490181037202109
11.9140625  0.35451858624653737  0.9490199790861445
12.109375  0.35457195028336796  0.9490214203768313
12.3046875  0.3546202707892211  0.9490224570618097
12.5  0.3546640882523436  0.9490231147656782
12.6953125  0.35470388407200687  0.9490234157030947
12.890625  0.35474009164701087  0.9490233788780458
13.0859375  0.35477309735817164  0.9490230203788137
13.28125  0.35480324807995073  0.9490223535323473
13.4765625  0.3548308534878788  0.949021389108022
13.671875  0.35485619176979  0.949020135430855
13.8671875  0.3548795118016957  0.9490185984971752
14.0625  0.35490103680193663  0.949016782021646
14.2578125  0.35492096641440785  0.9490146874685012
14.453125  0.35493947963282596  0.9490123140507457
14.6484375  0.35495673687363155  0.9490096587394821
14.84375  0.35497288199463173  0.9490067163017698
15.0390625  0.35498804392438976  0.9490034793802606
15.234375  0.35500233817503196  0.9489999385940516
15.4296875  0.3550158683736374  0.9489960825958452
15.625  0.3550287274561413  0.9489918980281448
15.8203125  0.35504099887698426  0.9489873693412851
16.015625  0.35505275745649345  0.9489824785242761
16.2109375  0.35506407041014443  0.9489772048375081
16.40625  0.35507499807577053  0.948971524663691
16.6015625  0.3550855947746638  0.9489654115173684
16.796875  0.35509590933816665  0.9489588361840509
16.9921875  0.35510598576568525  0.9489517668792141
17.1875  0.3551158636475417  0.9489441693396115
17.3828125  0.35512557872844297  0.9489360068182688
17.578125  0.35513516326195355  0.9489272400627842
17.7734375  0.35514464645767496  0.9489178273998876
17.96875  0.355154054756627  0.9489077250465779
18.1640625  0.355163412188716  0.9488968876953766
18.359375  0.3551727405955781  0.948885269368785
18.5546875  0.3551820599102927  0.9488728245147027
18.75  0.355191388332479  0.9488595093564913
18.9453125  0.3552007425547291  0.9488452835617798
19.140625  0.3552101379140346  0.9488301123388418
19.3359375  0.3552195885771514  0.9488139690704108
19.53125  0.35522910765886173  0.9487968385788487
19.7265625  0.3552387073626042  0.9487787210869184
19.921875  0.3552483990756622  0.9487596369182273
20.1171875  0.35525819348295606  0.9487396319574629
20.3125  0.35526810064553177  0.9487187838714641
20.5078125  0.35527813008641873  0.9486972090769079
20.703125  0.35528829085265323  0.9486750704391201
20.8984375  0.35529859159889915  0.948652585662814
21.09375  0.35530904066483743  0.9486300362249681
21.2890625  0.35531964616866796  0.9486077764279474
21.484375  0.3553304160725141  0.948586241727631
21.6796875  0.35534135821444984  0.9485659550500158
21.875  0.3553524803002656  0.9485475295738713
22.0703125  0.35536378987770595  0.9485316665828069
22.265625  0.3553752943290633  0.9485191474059467
22.4609375  0.355387000923251  0.9485108188098117
22.65625  0.3553989168783057  0.9485075710157209
22.8515625  0.3554110494050771  0.9485103066498505
23.046875  0.35542340565482305  0.948519898061284
23.2421875  0.3554359926072382  0.9485371312056137
23.4375  0.3554488171407823  0.9485626382545606
23.6328125  0.35546188624924063  0.9485968274515815
23.828125  0.3554752070473903  0.9486398233225815
24.0234375  0.35548878654270033  0.9486914291709445
24.21875  0.3555026315199611  0.9487511177748524
24.4140625  0.3555167487419674  0.9488180499504202
24.609375  0.35553114534231056  0.9488911170335528
24.8046875  0.35554582916267885  0.9489690019025535
25.0  0.35556080882253016  0.9490502524250813
25.1953125  0.3555760935148964  0.9491333605268605
25.390625  0.3555916927629198  0.949216839691777
25.5859375  0.3556076163116659  0.9492992940935987
25.78125  0.35562387408529367  0.949379473943619
25.9765625  0.35564047610084243  0.9494563138011276
26.171875  0.35565743236543046  0.9495289530365093
26.3671875  0.3556747528441809  0.9495967398432971
26.5625  0.3556924475319377  0.9496592218010093
26.7578125  0.35571052659415847  0.9497161268294819
26.953125  0.355729000517949  0.9497673384688239
27.1484375  0.35574788022931364  0.9498128689334627
27.34375  0.35576717716021655  0.9498528325698786
27.5390625  0.355786903271798  0.9498874214437386
27.734375  0.35580707105078946  0.9499168839800138
27.9296875  0.35582769349607285  0.9499415069753359
28.125  0.35584878410738985  0.9499616009087514
28.3203125  0.35587035688187724  0.9499774882580876
28.515625  0.3558924263198731  0.9499894944316436
28.7109375  0.3559150074392745  0.9499979409028753
28.90625  0.3559381157963925  0.9500031401568667
29.1015625  0.35596176751166103  0.9500053921005506
29.296875  0.3559859792987126  0.9500049816397481
29.4921875  0.3560107684953524  0.9500021771759833
29.6875  0.35603615309587977  0.9499972298197366
29.8828125  0.3560621517842426  0.9499903731532193
30.078125  0.35608878396843163  0.949981823405864
30.2734375  0.3561160698160135  0.9499717799310564
30.46875  0.3561440302914985  0.9499604258941219
30.6640625  0.35617268719518996  0.9499479290995028
30.859375  0.35620206320423886  0.9499344428996915
31.0546875  0.3562321819157854  0.9499201071405818
31.25  0.3562630678923951  0.9499050491086357
31.4453125  0.35629474671012007  0.9498893844555675
31.640625  0.35632724501001617  0.9498732180861472
31.8359375  0.35636059055271535  0.9498566450032468
32.03125  0.3563948122765075  0.9498397511099342
32.2265625  0.35642994035963693  0.9498226139703406
32.421875  0.35646600628631014  0.9498053035296911
32.6171875  0.3565030429165758  0.9497878827909089
32.8125  0.3565410845613113  0.9497704084429208
33.0078125  0.35658016706235607  0.949752931435874
33.203125  0.35662032787863984  0.9497354975012686
33.3984375  0.35666160617874265  0.9497181476192689
33.59375  0.35670404294060987  0.9497009184393856
33.7890625  0.3567476810590832  0.9496838426626624
33.984375  0.3567925654612301  0.9496669493928923
34.1796875  0.3568387432305629  0.9496502644619194
34.375  0.35688626374114585  0.9496338107310833
34.5703125  0.35693517880165343  0.9496176083687394
34.765625  0.35698554281115463  0.949601675103098
34.9609375  0.35703741292651586  0.9495860264503456
35.15625  0.3570908492434495  0.9495706759193134
35.3515625  0.3571459149909606  0.9495556351951245
35.546875  0.3572026767402672  0.9495409143047195
35.7421875  0.357261204628891  0.9495265217669604
35.9375  0.3573215726008715  0.9495124647293639
36.1328125  0.35738385866235367  0.9494987490929012
36.328125  0.3574481451546281  0.949485379625868
36.5234375  0.3575145190435012  0.9494723600676609
36.71875  0.3575830722253532  0.9494596932233852
36.9140625  0.35765390184996565  0.9494473810502206
37.109375  0.35772711065893253  0.9494354247364474
37.3046875  0.3578028073390954  0.9494238247739362
37.5  0.3578811068893991  0.9494125810247288
37.6953125  0.35796213100033364  0.9494016927821919
37.890625  0.35804600844270973  0.9493911588271576
38.0859375  0.35813287546415895  0.9493809774794346
38.28125  0.35822287619006155  0.9493711466450896
38.4765625  0.35831616302606417  0.9493616638598569
38.671875  0.35841289705668716  0.9493525263290917
38.8671875  0.3585132484376118  0.9493437309645956
39.0625  0.3586173967752267  0.9493352744186151
39.2578125  0.35872553148883163  0.949327153115282
39.453125  0.3588378521500233  0.9493193632797113
39.6484375  0.35895456879181503  0.9493119009649448
39.84375  0.3590759021826381  0.9493047620769036
40.0390625  0.35920208405756665  0.9492979423974888
40.234375  0.35933335729946314  0.9492914376059642
40.4296875  0.3594699760634866  0.9492852432987273
40.625  0.35961220583878223  0.9492793550075457
40.8203125  0.3597603234371964  0.9492737682163493
41.015625  0.35991461690510346  0.9492684783766383
41.2109375  0.3600753853502922  0.9492634809215598
41.40625  0.36024293867731794  0.9492587712786853
41.6015625  0.36041759722637495  0.9492543448815652
41.796875  0.36059969130836783  0.9492501971800322
41.9921875  0.3607895606333157  0.9492463236493182
42.1875  0.3609875536280384  0.9492427197979992
42.3828125  0.36119402663959077  0.9492393811747764
42.578125  0.3614093430207163  0.9492363033741493
42.7734375  0.3616338721003456  0.9492334820409232
42.96875  0.36186798803406894  0.9492309128736677
43.1640625  0.36211206854105576  0.9492285916270182
43.359375  0.36236649352422273  0.9492265141129653
43.5546875  0.36263164358326927  0.9492246762010652
43.75  0.36290789841948196  0.9492230738176544
43.9453125  0.3631956351412271  0.9492217029440837
44.140625  0.36349522647895055  0.9492205596139769
44.3359375  0.3638070389141132  0.9492196399095987
44.53125  0.36413143073391663  0.9492189399573481
44.7265625  0.3644687500214215  0.9492184559224511
44.921875  0.36481933259114374  0.9492181840028723
45.1171875  0.3651834998844611  0.949218120422549
45.3125  0.3655615568352745  0.9492182614239878
45.5078125  0.3659537897185951  0.949218603260288
45.703125  0.3663604639976883  0.9492191421866998
45.8984375  0.36678182218218497  0.9492198744517683
46.09375  0.3672180817092185  0.9492207962881176
46.2890625  0.36766943286375303  0.949221903903018
46.484375  0.36813603675185114  0.9492231934687565
46.6796875  0.36861802333295485  0.9492246611129773
46.875  0.3691154895338024  0.9492263029090088
47.0703125  0.3696284974508177  0.9492281148662295
47.265625  0.37015707265000275  0.9492300929206302
47.4609375  0.3707012025775953  0.9492322329256402
47.65625  0.3712608350904747  0.9492345306432362
47.8515625  0.37183587711447674  0.9492369817354754
48.046875  0.37242619343762456  0.9492395817564871
48.2421875  0.3730316056431072  0.9492423261449738
48.4375  0.3736518911925677  0.9492452102172545
48.6328125  0.37428678265682036  0.9492482291609876
48.828125  0.37493596710377536  0.9492513780295248
49.0234375  0.3755990856368095  0.9492546517370013
49.21875  0.37627573309205997  0.9492580450541841
49.4140625  0.376965457894414  0.949261552605023
49.609375  0.3776677620653494  0.9492651688640241
49.8046875  0.37838210138598943  0.9492688881544762
50.0  0.3791078857109945  0.9492727046474149
50.1953125  0.37984447942919863  0.9492766123614135
50.390625  0.380591202070131  0.9492806051632176
50.5859375  0.38134732905039087  0.9492846767691453
50.78125  0.38211209255133854  0.9492888207473338
50.9765625  0.3828846825321177  0.9492930305207344
51.171875  0.38366424786535747  0.9492972993708562
51.3671875  0.3844498975927409  0.9493016204422817
51.5625  0.3852407022962236  0.9493059867479201
51.7578125  0.3860356955781414  0.9493103911749639
51.953125  0.3868338756481037  0.9493148264915272
52.1484375  0.3876342070074141  0.9493192853538786
52.34375  0.3884356222318899  0.949323760314419
52.5390625  0.38923702384992104  0.9493282438301844
52.734375  0.39003728629705875  0.949332728271926
52.9296875  0.3908352579654095  0.9493372059338852
53.125  0.3916297633374614  0.9493416690439281
53.3203125  0.3924196051906155  0.9493461097743207
53.515625  0.3932035668853852  0.9493505202529923
53.7109375  0.39398041472793555  0.9493548925752164
53.90625  0.3947489004058674  0.9493592188158805
54.1015625  0.39550776350384326  0.9493634910420924
54.296875  0.3962557340875714  0.9493677013261665
54.4921875  0.3969915353578524  0.9493718417592284
54.6875  0.3977138863891805  0.9493759044650567
54.8828125  0.3984215049289733  0.9493798816143648
55.078125  0.3991131102767235  0.9493837654394699
55.2734375  0.39978742623377744  0.949387548249292
55.46875  0.40044318412479996  0.949391222444663
55.6640625  0.40107912589300904  0.9493947805340424
55.859375  0.4016940072597477  0.9493982151494945
56.0546875  0.4022866009642993  0.949401519062889
56.25  0.40285570005721727  0.949404685202476
56.4453125  0.40340012126384367  0.9494077066696347
56.640625  0.40391870840465366  0.9494105767558243
56.8359375  0.4044103358712777  0.9494132889596428
57.03125  0.40487391214363955  0.9494158370041839
57.2265625  0.40530838335437364  0.9494182148543354
57.421875  0.40571273687648945  0.9494204167342083
57.6171875  0.40608600493102553  0.9494224371445282
57.8125  0.40642726820368774  0.9494242708799817
58.0078125  0.40673565945282364  0.9494259130463949
58.203125  0.40701036708929994  0.9494273590778135
58.3984375  0.4072506387209897  0.9494286047532102
58.59375  0.40745578463255255  0.9494296462129209
58.7890625  0.4076251811838493  0.9494304799746238
58.984375  0.40775827410238297  0.9494311029488184
59.1796875  0.40785458164795335  0.9494315124536473
59.375  0.40791369762072305  0.9494317062290366
59.5703125  0.40793529418869573  0.9494316824499651
59.765625  0.40791912450457635  0.9494314397388043
59.9609375  0.4078650250861185  0.949430977176592
60.15625  0.4077729179282539  0.9494302943131077
60.3515625  0.4076428123227728  0.9494293911756844
60.546875  0.40747480635482525  0.9494282682765481
60.7421875  0.40726908804810547  0.9494269266186375
60.9375  0.4070259361399931  0.9494253676997216
61.1328125  0.406745720452492  0.9494235935147309
61.328125  0.40642890184785785  0.9494216065562174
61.5234375  0.40607603174565193  0.9494194098127549
61.71875  0.4056877511844249  0.9494170067652867
61.9140625  0.4052647894226882  0.949414401381298
62.109375  0.4048079620679504  0.9494115981067003
62.3046875  0.4043181687280669  0.9494086018554379
62.5  0.40379639019556923  0.9494054179967006
62.6953125  0.4032436851652074  0.9494020523399263
62.890625  0.4026611864979368  0.9493985111173394
63.0859375  0.402050097054216  0.9493948009641736
63.28125  0.40141168510823977  0.9493909288967739
63.4765625  0.40074727938037574  0.9493869022884689
63.671875  0.4000582637241326  0.9493827288433453
63.8671875  0.3993460714834364  0.9493784165680849
64.0625  0.3986121795842954  0.9493739737421862
64.2578125  0.39785810240014335  0.9493694088864489
64.453125  0.397085385419427  0.9493647307302047
64.6484375  0.39629559879407944  0.9493599481773518
64.84375  0.3954903307994219  0.9493550702714681
65.0390625  0.39467118126260353  0.9493501061602884
65.234375  0.39383975501453716  0.9493450650599059
65.4296875  0.39299765541710263  0.9493399562187236
65.625  0.3921464780126127  0.9493347888816642
65.8203125  0.3912878043442191  0.9493295722548766
66.015625  0.39042319599835873  0.9493243154710773
66.2109375  0.3895541889036799  0.9493190275559124
66.40625  0.3886822879302748  0.9493137173956021
66.6015625  0.38780896182398084  0.949308393705961
66.796875  0.3869356385008449  0.9493030650031912
66.9921875  0.3860637007327892  0.9492977395765274
67.1875  0.38519448223835495  0.9492924254628982
67.3828125  0.3843292641989972  0.9492871304237573
67.578125  0.3834692722051517  0.9492818619242153
67.7734375  0.3826156736443288  0.9492766271145948
67.96875  0.38176957552327484  0.9492714328143247
68.1640625  0.38093202272451354  0.9492662854983358
68.359375  0.38010399668668493  0.9492611912858784
68.5546875  0.37928641449704653  0.9492561559318514
68.75  0.37848012838210077  0.9492511848204316
68.9453125  0.37768592557401676  0.949246282961017
69.140625  0.3769045285330552  0.9492414549863649
69.3359375  0.3761365955016312  0.9492367051529155
69.53125  0.3753827213668173  0.9492320373430758
69.7265625  0.37464343880177065  0.9492274550692715
69.921875  0.37391921966243186  0.9492229614797918
70.1171875  0.3732104766107411  0.9492185593661701
70.3125  0.37251756493522725  0.9492142511719516
70.5078125  0.37184078454599445  0.9492100390026617
70.703125  0.371180382109637  0.9492059246369959
70.8984375  0.3705365533094933  0.9492019095387504
71.09375  0.36990944519833513  0.9491979948697191
71.2890625  0.36929915862533025  0.9491941815030657
71.484375  0.3687057507087925  0.9491904700372962
71.6796875  0.36812923734432673  0.9491868608105711
71.875  0.3675695957224055  0.9491833539152467
72.0703125  0.36702676683917884  0.9491799492125522
72.265625  0.36650065799090614  0.9491766463472765
72.4609375  0.3659911452293836  0.9491734447623977
72.65625  0.36549807577401516  0.9491703437135682
72.8515625  0.36502127036801535  0.949167342283338
73.046875  0.36456052556643886  0.9491644393951091
73.2421875  0.364115615954036  0.9491616338267003
73.4375  0.3636862962817191  0.9491589242235348
73.6328125  0.36327230352183504  0.9491563091113514
73.828125  0.3628733588305953  0.9491537869084928
74.0234375  0.3624891694252852  0.9491513559376444
74.21875  0.36211943036643685  0.949149014437025
74.4140625  0.36176382624682457  0.9491467605711011
74.609375  0.3614220327871749  0.949144592440723
74.8046875  0.36109371833890747  0.9491425080927144
75.0  0.36077854529560477  0.9491405055289116
75.1953125  0.3604761714130141  0.9491385827146374
75.390625  0.3601862510408983  0.9491367375867045
75.5859375  0.3599084362708694  0.9491349680608102
75.78125  0.3596423779978232  0.9491332720384843
75.9765625  0.3593877269031616  0.9491316474134994
76.171875  0.35914413435968373  0.94913009207782
76.3671875  0.35891125326295287  0.9491286039270664
76.5625  0.35868873879068425  0.9491271808655591
76.7578125  0.3584762490955982  0.9491258208109241
76.953125  0.35827344593355315  0.9491245216982792
77.1484375  0.3580799952307177  0.9491232814840517
77.34375  0.35789556759290575  0.9491220981494296
77.5390625  0.35771983876069474  0.9491209697034478
77.734375  0.35755249001419503  0.9491198941857544
77.9296875  0.35739320852854345  0.9491188696690649
78.125  0.3572416876843895  0.9491178942613445
78.3203125  0.3570976273373587  0.949116966107689
78.515625  0.3569607340465499  0.9491160833919665
78.7109375  0.3568307212674422  0.9491152443382234
78.90625  0.3567073095105625  0.9491144472118582
79.1015625  0.35659022646772265  0.9491136903205932
79.296875  0.3564792071097724  0.949112972015261
79.4921875  0.35637399375700524  0.9491122906904017
79.6875  0.35627433612385967  0.9491116447847051
79.8828125  0.35617999134151485  0.9491110327812949
80.078125  0.35609072395900365  0.9491104532078822
80.2734375  0.35600630592466653  0.9491099046367771
80.46875  0.35592651655000757  0.9491093856848021
80.6640625  0.355851142457953  0.9491088950130762
80.859375  0.3557799775158647  0.9491084313267234
81.0546875  0.355712822755423  0.9491079933744764
81.25  0.3556494862808798  0.949107579948212
81.4453125  0.35558978316625245  0.9491071898824006
81.640625  0.35553353534333276  0.9491068220535099
81.8359375  0.35548057148072176  0.949106475379327
82.03125  0.3554307268559812  0.9491061488182553
82.2265625  0.3553838432206301  0.9491058413685403
82.421875  0.3553397686602729  0.9491055520674841
82.6171875  0.3552983574487875  0.9491052799905908
82.8125  0.35525946989983787  0.9491050242507243
83.0078125  0.3552229722133864  0.9491047839971928
83.203125  0.35518873632145653  0.9491045584148686
83.3984375  0.3551566397295477  0.9491043467232273
83.59375  0.35512656535911047  0.9491041481754474
83.7890625  0.35509840138592097  0.9491039620574167
83.984375  0.35507204108172713  0.94910378768683
84.1796875  0.3550473826515253  0.9491036244121677
84.375  0.35502432907609494  0.9491034716118089
84.5703125  0.35500278794952866  0.9491033286929902
84.765625  0.3549826713247236  0.9491031950909515
84.9609375  0.3549638955522642  0.9491030702678711
85.15625  0.3549463811303129  0.9491029537120637
85.3515625  0.35493005254563065  0.9491028449368928
85.546875  0.3549148381295711  0.9491027434800376
85.7421875  0.35490066990165237  0.9491026489023727
85.9375  0.3548874834330044  0.949102560787328
86.1328125  0.3548752176925552  0.9491024787397224
86.328125  0.35486381491962554  0.9491024023852446
86.5234375  0.35485322047229995  0.949102331369216
86.71875  0.35484338271078375  0.9491022653562283
86.9140625  0.35483425284715475  0.9491022040288044
87.109375  0.3548257848414412  0.9491021470872348
87.3046875  0.3548179352512349  0.9491020942480902
87.5  0.354810663142901  0.9491020452443196
87.6953125  0.35480392993886484  0.949101999823547
87.890625  0.35479769934686534  0.9491019577485077
88.0859375  0.3547919372018147  0.9491019187950448
88.28125  0.3547866114169177  0.9491018827529853
88.4765625  0.3547816918157764  0.949101849423719
88.671875  0.35477715011039956  0.949101818621651
88.8671875  0.354772959717668  0.9491017901712053
89.0625  0.35476909577082494  0.9491017639090351
89.2578125  0.3547655349125063  0.9491017396802411
89.453125  0.35476225534845124  0.9491017173415813
89.6484375  0.35475923660658093  0.9491016967566234
89.84375  0.35475645964465136  0.9491016778002761
90.0390625  0.3547539065614121  0.9491016603524999
90.234375  0.3547515607738073  0.9491016443045921
90.4296875  0.35474940666165883  0.9491016295509569
90.625  0.35474742983518787  0.9491016159977127
90.8203125  0.3547456166886766  0.9491016035518625
91.015625  0.354743954785926  0.9491015921329826
91.2109375  0.354742432290403  0.9491015816589133
91.40625  0.35474103850536925  0.9491015720615388
91.6015625  0.3547397631375075  0.949101563267831
91.796875  0.3547385970404683  0.9491015552210584
91.9921875  0.35473753125516017  0.9491015478556434
92.1875  0.3547365580213032  0.9491015411255644
92.3828125  0.3547356695193915  0.9491015349709919
92.578125  0.3547348592356861  0.9491015293562223
92.7734375  0.35473412030693297  0.9491015242253985
92.96875  0.35473344735166384  0.9491015195530653
93.1640625  0.35473283428732955  0.9491015152854237
93.359375  0.35473227677680164  0.9491015114075806
93.5546875  0.3547317693463246  0.9491015078656552
93.75  0.35473130864336355  0.9491015046560912
93.9453125  0.35473088962972343  0.9491015017224557
94.140625  0.35473050990878235  0.949101499073871
94.3359375  0.35473016469733026  0.9491014966484104
94.53125  0.3547298525612301  0.9491014944699286
94.7265625  0.3547295687769572  0.9491014924674152
94.921875  0.3547293129205725  0.9491014906824047
95.1171875  0.3547290801090258  0.9491014890303385
95.3125  0.35472887102550765  0.9491014875745202
95.5078125  0.35472868037281086  0.9491014862112089
95.703125  0.35472851009828066  0.9491014850310274
95.8984375  0.35472835418595433  0.9491014839038696
96.09375  0.3547282160789419  0.9491014829551087
96.2890625  0.3547280886694837  0.9491014820190528
96.484375  0.3547279772217622  0.9491014812656794
96.6796875  0.354727873071169  0.949101480481823
96.875  0.3547277837470295  0.9491014798950499
97.0703125  0.3547276984406901  0.9491014792293475
97.265625  0.3547276275420829  0.9491014787869004
97.4609375  0.35472755735066563  0.9491014782089602
97.65625  0.3547275019062257  0.9491014778945533
97.8515625  0.35472744365808173  0.949101477376381
98.046875  0.35472740133382796  0.9491014771795837
98.2421875  0.3547273523047583  0.9491014766945306
98.4375  0.3547273213290573  0.9491014766092192
98.6328125  0.35472727913769775  0.949101476132991
98.828125  0.3547272582863022  0.9491014761622718
99.0234375  0.35472722081197194  0.9491014756466274
99.21875  0.35472720913936445  0.9491014758263159
99.4140625  0.35472717563844725  0.9491014753217459
99.609375  0.35472717563844725  0.9491014753217459
99.8046875  0.35472717563844725  0.9491014753217459
100.0  0.35472717563844725  0.9491014753217459
